450 0.02 9
-7.504311E-03
-4.936798E-03
-1.443713E-04
3.393404E-03
8.658400E-03
1.260647E-02
1.312915E-02
1.445086E-02
1.854147E-02
1.575425E-02
-3.383291E-03
7.482961E-03
-5.204934E-04
-2.575723E-02
-1.147442E-02
8.618551E-03
1.919097E-02
2.258972E-02
1.593124E-02
5.839072E-03
-2.012120E-03
-6.730937E-03
-8.774857E-02
-5.904521E-01
-1.090687E+00
-1.521324E+00
-1.902872E+00
-2.254255E+00
-2.576996E+00
-2.523089E+00
-2.187183E+00
-2.017012E+00
-1.828181E+00
-1.699499E+00
-1.636343E+00
-1.829607E+00
-2.533466E+00
-3.150188E+00
-3.658445E+00
-4.076421E+00
-4.414402E+00
-4.718542E+00
3.133507E+01
2.309443E+01
1.554338E+01
9.910899E+00
5.773019E+00
2.793877E+00
6.963050E-01
-7.359579E-01
-1.673055E+00
-2.241883E+00
-2.510385E+00
-2.646327E+00
-2.585664E+00
-2.461468E+00
-2.281451E+00
-2.042668E+00
-1.767428E+00
-1.488699E+00
-1.296149E+00
-1.126857E+00
-9.742759E-01
-8.420420E-01
-7.313826E-01
-6.458058E-01
-5.822863E-01
-5.377868E-01
-5.224459E-01
-5.260260E-01
-5.575224E-01
-6.176304E-01
-6.529624E-01
-6.192475E-01
-6.655026E-01
-7.000162E-01
-7.594892E-01
-8.648663E-01
-9.506157E-01
-7.854141E-01
-6.156095E-01
-4.757047E-01
-3.584340E-01
-2.507647E-01
-1.520873E-01
9.051605E-03
2.019293E-01
4.092037E-01
6.371454E-01
8.961448E-01
1.186657E+00
-1.997525E+00
-2.058507E+00
-1.511405E+00
-1.079111E+00
-7.320014E-01
-4.709961E-01
-2.530489E-01
-8.430787E-02
4.648229E-02
1.443762E-01
2.266155E-01
3.000108E-01
3.485653E-01
3.730657E-01
3.872793E-01
3.914762E-01
3.856661E-01
3.737372E-01
3.536697E-01
3.382251E-01
3.151274E-01
2.809994E-01
2.561654E-01
1.966837E-01
1.429266E-01
1.197193E-01
9.140333E-02
6.320224E-02
4.645112E-02
3.445695E-02
2.105314E-02
2.525838E-03
-1.043379E-02
-1.213155E-02
-4.766021E-04
3.449712E-02
9.085926E-02
1.373464E-01
1.227953E-01
1.070833E-01
8.843129E-02
6.738735E-02
5.987785E-02
3.328725E-02
1.487615E-02
-2.170904E-02
-6.843305E-02
-1.140766E-01
-1.764810E-01
-1.267264E-01
2.742161E-01
1.951026E-01
1.332660E-01
8.169161E-02
4.604268E-02
2.690530E-02
1.246373E-02
2.470142E-03
-3.651413E-03
-1.006523E-02
-1.403422E-02
-1.906582E-02
-1.975096E-02
-1.566541E-02
-2.031443E-02
-1.376211E-02
-1.667089E-02
-2.437249E-02
-2.281104E-02
-2.402787E-02
-3.095318E-02
-3.736355E-02
-3.395981E-02
-2.562292E-02
-1.863342E-02
-1.521024E-02
-8.373619E-03
-2.824618E-03
3.775250E-03
9.385123E-03
1.234377E-02
1.908186E-02
2.774515E-02
3.353759E-02
2.663346E-02
2.190530E-02
2.638299E-03
-6.072007E-03
-5.998185E-03
-9.993052E-03
-6.885934E-03
-6.770515E-03
-9.056688E-03
-8.012911E-03
-5.689914E-03
1.542426E-03
7.368371E-03
1.108716E-02
2.157373E-02
-4.448959E-03
-5.032440E-02
-3.725256E-02
-2.934828E-02
-2.216561E-02
-2.310220E-02
-1.524974E-02
-1.075785E-02
-1.110789E-02
-4.871519E-03
-3.703185E-03
-4.987873E-03
-4.458017E-03
-5.202875E-03
-4.000813E-03
-5.232331E-03
-5.578928E-03
-1.490469E-03
-1.349345E-03
-2.444445E-03
-8.096416E-04
1.046649E-03
1.573974E-03
4.585605E-04
1.028694E-03
-6.593532E-03
-1.644927E-03
-2.727727E-03
-1.064173E-03
-1.784014E-03
-2.632359E-03
-3.225810E-03
-2.005996E-03
-2.532897E-03
-1.043497E-03
1.017345E-04
2.202795E-03
5.960609E-03
6.080467E-03
5.890013E-03
7.018071E-03
6.253925E-03
1.593389E-03
2.245205E-03
2.077801E-03
5.977075E-03
1.328485E-03
4.336958E-03
-2.484210E-03
-2.957535E-03
7.127638E-03
1.153353E-02
1.197858E-02
1.045169E-02
8.196283E-03
6.679796E-03
1.774781E-03
-8.016882E-04
6.607735E-04
-5.610323E-04
-1.128208E-03
2.018870E-03
2.702139E-03
2.392313E-03
2.620328E-03
4.194102E-03
-2.063543E-03
4.550889E-03
-1.481041E-03
1.249626E-03
6.033095E-05
1.448347E-03
1.129406E-03
2.328342E-04
-2.368658E-03
-2.587648E-03
-2.698312E-03
-3.195700E-03
-3.602045E-03
-2.616619E-03
-2.029904E-03
-2.462153E-03
-3.420037E-03
-2.443947E-03
1.091869E-03
5.950245E-06
3.639135E-04
1.890401E-03
3.960028E-03
4.465762E-03
7.046942E-03
2.820589E-03
2.695687E-04
2.213861E-03
2.287287E-05
-1.059442E-03
-1.115693E-03
-2.782815E-03
-1.730827E-03
-2.387727E-03
-6.143466E-03
-7.007624E-03
-3.896897E-03
-2.603904E-03
-1.375616E-03
1.894532E-03
3.664019E-03
1.679366E-03
1.396152E-03
-4.947426E-04
-2.254157E-04
5.128024E-04
1.055816E-03
-5.524164E-04
1.878064E-03
4.672289E-03
3.608764E-03
3.573568E-03
1.357623E-03
1.395777E-03
1.141632E-03
1.174271E-03
2.368900E-04
8.866171E-04
-4.773838E-04
-2.151934E-03
-4.278749E-03
-5.077724E-03
-2.551965E-03
-5.284048E-03
-2.416623E-03
-1.251677E-03
1.437635E-04
3.020451E-03
1.515273E-03
-1.958205E-03
1.445593E-03
2.501134E-03
2.118700E-03
2.708029E-03
3.822335E-03
2.464453E-03
2.281691E-03
2.832013E-03
-1.252356E-03
-1.399741E-03
-2.829615E-04
-2.928674E-03
-1.147397E-03
-4.026388E-03
-6.578321E-04
-4.411090E-03
-3.084498E-03
-6.487994E-03
-2.164657E-03
7.687217E-04
1.174931E-03
2.647523E-03
5.595476E-03
3.107026E-03
4.865813E-03
2.674098E-03
1.067513E-03
4.414740E-04
3.430125E-04
-6.708964E-04
-1.073884E-03
-3.980939E-05
-9.183048E-04
-1.185917E-03
-3.095856E-03
-1.206240E-03
-2.227595E-03
1.370277E-04
1.993219E-04
5.996577E-04
2.480178E-03
1.263307E-03
-2.490375E-03
-4.140318E-03
-3.383529E-03
-8.156906E-04
-1.822627E-03
1.221254E-03
7.246909E-04
6.587199E-04
2.981854E-03
3.324560E-03
5.172558E-04
3.295331E-03
3.709735E-03
2.011678E-03
1.425285E-03
3.652341E-03
1.487732E-04
9.999682E-04
-5.275164E-03
-4.634851E-03
-2.337559E-03
-2.250803E-03
-2.903471E-03
-1.912885E-03
-3.994987E-03
-3.172953E-03
-2.881595E-03
-2.896232E-03
-2.753105E-03
1.256938E-03
2.231683E-03
3.414606E-03
3.007721E-03
5.620113E-03
5.079469E-03
3.405044E-03
2.533396E-03
8.218158E-04
4.449089E-04
-6.299622E-04
-2.623188E-03
-3.167571E-04
-9.730271E-04
-2.484490E-03
-5.369483E-03
-7.007988E-03
-1.066524E-03
-1.422016E-03
4.342808E-04
6.822276E-04
7.189477E-04
-2.032004E-04
1.737879E-04
1.150259E-03
-3.669268E-03
8.631454E-04
-1.596134E-04
-1.424804E-03
1.492546E-03
1.507851E-03
4.850787E-03
7.577761E-04
-1.685760E-03
1.880765E-03
1.679445E-03
9.629082E-04
9.308793E-04
-1.086031E-04
-2.088611E-03
-3.052661E-03
-4.310352E-03
-6.151952E-03
-1.802008E-03
-1.653818E-03
5.888405E-04
-2.195067E-03
6.336263E-04
-4.643406E-04
1.525704E-03
1.302418E-03
-3.257234E-05
1.006768E-03
1.791672E-03
1.274207E-03
-5.841969E-04
-1.397878E-03
-1.704468E-03
-2.458576E-03
-1.733544E-03
-2.656308E-03
3.750880E-05
2.150977E-03
2.206496E-03
1.637735E-03
2.026332E-03
2.886780E-03
1.450345E-03
-1.355917E-03
1.372322E-03
1.930014E-04
-1.137727E-03
-1.241866E-03
-2.274839E-03
-2.031591E-03
1.312069E-04
-1.230738E-03
-3.124072E-04
-9.476103E-04
5.108117E-04
4.479243E-04
5.710201E-04
5.875700E-04
9.959947E-04
9.322085E-04
7.222348E-04
4.108199E-04
1.652404E-04
-3.644639E-05
-1.375206E-03
-1.510135E-03
-8.544838E-04
-1.269988E-03
-3.843487E-04
-5.443135E-04
1.360870E-03
1.347752E-03
1.757425E-03
1.528198E-03
8.086696E-04
4.144695E-04
-1.884595E-03
-2.010866E-03
-1.959713E-03
-1.847051E-03
-9.232149E-04
8.138766E-04
1.349738E-03
1.721149E-03
2.449280E-03
-3.992249E-02
-1.023466E-01
-1.499665E-01
-1.934887E-01
-2.261598E-01
-2.523453E-01
-2.732274E-01
-2.903054E-01
-3.025701E-01
-3.096311E-01
-3.172400E-01
-3.216484E-01
-3.249032E-01
-3.259515E-01
-3.515059E-01
-4.041686E-01
-4.481137E-01
-4.829025E-01
-5.097048E-01
-5.226598E-01
-5.307885E-01
-5.322258E-01
-5.146027E-01
-5.098298E-01
-5.136620E-01
-5.237413E-01
-5.345893E-01
-5.469621E-01
-5.581642E-01
-5.697918E-01
-5.878702E-01
-6.125992E-01
-6.214210E-01
-6.174309E-01
-6.176672E-01
-6.132033E-01
-6.029893E-01
-5.907386E-01
-5.766082E-01
-5.592324E-01
-5.349060E-01
-5.032635E-01
-4.924906E-01
-5.159718E-01
-5.786046E-01
8.282086E+00
1.078438E+01
7.949134E+00
5.726979E+00
4.064469E+00
2.803126E+00
1.850257E+00
1.140753E+00
6.198783E-01
2.435725E-01
-2.085021E-02
-1.976290E-01
-3.086108E-01
-3.772287E-01
-4.276328E-01
-4.589916E-01
-4.730802E-01
-4.713215E-01
-4.613535E-01
-4.485571E-01
-4.230417E-01
-3.339300E-01
-2.387234E-01
-1.557108E-01
-8.420023E-02
-2.388710E-02
2.414259E-02
6.001996E-02
7.981915E-02
8.891285E-02
8.802045E-02
8.101621E-02
7.224203E-02
7.054736E-02
4.765747E-02
1.918822E-02
-1.134132E-02
-4.290237E-02
-7.184569E-02
-9.113429E-02
-1.617046E-01
1.045728E+00
3.950659E+00
2.468153E+00
1.065386E+00
-1.533496E-01
-1.167277E+00
-1.954941E+00
-2.487183E+00
-2.857181E+00
-3.092621E+00
-3.197170E+00
-3.193365E+00
-3.102685E+00
-2.942993E+00
-2.731112E+00
-2.482668E+00
-2.212096E+00
-1.930671E+00
-1.648526E+00
-1.374577E+00
-1.117678E+00
-8.726752E-01
-6.382106E-01
-4.145028E-01
-1.964670E-01
-1.770687E-02
1.260223E-01
2.412075E-01
3.312563E-01
3.989839E-01
4.458663E-01
4.775321E-01
4.953132E-01
5.032780E-01
5.022096E-01
4.955639E-01
4.824176E-01
4.674055E-01
4.536317E-01
4.284242E-01
4.026329E-01
3.955121E-01
4.102211E-01
6.206669E-03
-3.782454E-01
-4.546508E-01
-3.257867E-01
-8.363109E-02
1.982716E-01
4.688370E-01
6.989489E-01
8.753647E-01
9.946445E-01
1.063386E+00
1.067628E+00
1.033034E+00
9.707732E-01
8.907354E-01
8.016890E-01
7.082272E-01
6.155783E-01
5.247378E-01
4.385000E-01
3.606277E-01
2.879198E-01
2.209564E-01
1.611657E-01
1.108746E-01
7.292364E-02
3.606117E-02
5.367129E-04
-2.953340E-02
-5.384783E-02
-7.457840E-02
-9.199297E-02
-1.049643E-01
-1.149703E-01
-1.216374E-01
-1.245798E-01
-1.268062E-01
-1.302481E-01
-1.226363E-01
-1.271235E-01
-1.275262E-01
-1.177379E-01
-1.105722E-01
-8.161363E-02
-4.998569E-02
-3.203353E-02
-3.163645E-02
-4.287501E-02
-6.102480E-02
-8.136378E-02
-1.035118E-01
-1.220558E-01
-1.381375E-01
-1.505587E-01
-1.578673E-01
-1.608403E-01
-1.609871E-01
-1.607064E-01
-1.560617E-01
-1.475784E-01
-1.356984E-01
-1.227836E-01
-1.098940E-01
-9.612589E-02
-8.287723E-02
-7.138721E-02
-6.139022E-02
-5.162330E-02
-4.125852E-02
-3.190964E-02
-2.500489E-02
-1.873911E-02
-1.261282E-02
-6.804310E-03
-2.905294E-03
-3.541746E-04
3.510254E-03
4.943654E-03
7.257682E-03
8.230375E-03
7.889166E-03
1.067523E-02
8.962232E-03
7.207649E-03
7.994636E-03
9.543275E-03
9.756586E-03
8.810319E-03
3.661028E-03
-1.443817E-04
-1.115347E-03
-5.225656E-04
1.651082E-03
4.064731E-03
6.156523E-03
7.943555E-03
9.082387E-03
9.441028E-03
9.784539E-03
1.155021E-02
1.125117E-02
1.085702E-02
1.110316E-02
1.184645E-02
1.421761E-02
1.543697E-02
1.641787E-02
1.778524E-02
1.828072E-02
1.692892E-02
1.521291E-02
1.478618E-02
1.477442E-02
1.467994E-02
1.256309E-02
1.122094E-02
1.163267E-02
1.156378E-02
9.780598E-03
1.160028E-02
8.584130E-03
1.116063E-02
1.016875E-02
9.504626E-03
1.004638E-02
9.747111E-03
8.550939E-03
7.717018E-03
8.254430E-03
8.379521E-03
8.081779E-03
7.198439E-03
4.104002E-03
4.058427E-03
4.968017E-03
5.494026E-03
6.560118E-03
7.198455E-03
6.393897E-03
5.943306E-03
3.962480E-03
2.385156E-03
1.151194E-03
4.601872E-04
-7.949612E-04
-2.184760E-03
-3.098057E-03
-2.359546E-03
-2.093393E-03
-2.067659E-03
-2.219460E-03
-1.543675E-03
-2.852663E-03
-3.662752E-03
-4.846666E-03
-5.145732E-03
-3.683675E-03
-4.238213E-03
-4.594949E-03
-4.739237E-03
-3.586137E-03
-3.562992E-03
-2.823184E-03
-4.036036E-03
-2.508922E-03
-3.422535E-03
-4.185390E-03
-4.211582E-03
-4.274136E-03
-5.174967E-03
-5.495068E-03
-5.092264E-03
-4.709164E-03
-3.990467E-03
-2.662783E-03
-2.382490E-03
-2.243943E-03
-9.176307E-04
-3.359124E-04
1.116962E-03
2.016881E-03
1.781982E-03
1.155128E-03
1.108229E-03
2.486259E-04
-1.395827E-03
-1.150307E-03
-1.028587E-03
-1.090720E-03
-1.693117E-03
-1.133972E-03
-1.530609E-04
4.628156E-04
7.150008E-04
8.085906E-04
1.264888E-03
9.479975E-04
1.015938E-04
-3.688369E-04
4.648322E-04
1.409745E-03
4.455112E-04
9.020395E-04
-3.549918E-05
1.755101E-03
1.961468E-03
9.903880E-04
1.801425E-03
1.582171E-03
8.673910E-04
6.899625E-04
8.162530E-04
1.210857E-04
-2.820732E-04
-5.958359E-05
-6.763331E-04
-1.003598E-03
-2.082553E-04
5.330853E-04
-2.510027E-04
-2.524639E-04
-2.394998E-04
-1.980007E-04
4.009340E-04
3.872011E-05
-2.437354E-04
-1.321231E-04
-4.423920E-04
-4.824277E-04
-7.554880E-04
8.875684E-04
1.033477E-03
1.051914E-03
6.955271E-04
9.969250E-04
1.247357E-03
1.182158E-03
1.101946E-03
2.272317E-05
1.750535E-04
-4.823834E-04
-2.187870E-03
-1.777058E-03
-1.362907E-03
-1.072340E-03
-6.173611E-04
-1.351979E-03
4.125720E-04
1.043497E-03
1.689233E-03
1.837979E-03
2.001967E-03
1.959849E-03
1.050796E-03
9.725083E-04
3.183368E-04
6.342820E-05
-3.002021E-04
-4.898991E-04
-1.667430E-03
-1.387915E-03
-2.885468E-05
5.379660E-05
2.602720E-04
-5.971533E-04
-7.038265E-05
5.070218E-04
1.347346E-04
6.147368E-04
5.637602E-04
7.883069E-04
-8.992683E-05
3.428715E-04
-3.606233E-04
-4.505734E-04
2.224777E-04
3.876820E-05
3.777434E-05
1.085368E-04
1.303717E-04
-1.135162E-05
4.678135E-06
9.715210E-05
-8.925456E-05
-7.270710E-05
-2.819631E-04
-4.513581E-04
-2.582059E-04
-1.011825E-04
5.079891E-05
-5.283069E-05
-1.953311E-04
9.757331E-06
3.629255E-04
3.905589E-04
1.531889E-04
1.363705E-04
4.881851E-04
-1.075039E-04
-1.558122E-04
1.185710E-05
-2.604979E-04
-1.792191E-04
-1.628794E-04
-4.128232E-05
3.002996E-04
-1.592353E-04
-3.804839E-04
9.262321E-05
-3.301114E-05
-1.303212E-04
-3.413981E-04
7.972134E-05
3.150768E-04
-1.544721E-05
2.684076E-04
3.057184E-04
1.453406E-05
4.217498E-06
2.823934E-04
4.849654E-05
4.780180E-05
1.807087E-04
3.202826E-04
1.117137E-04
-2.000765E-04
-3.040180E-04
-2.513453E-04
7.498800E-06
-4.708015E-04
-5.985210E-04
-2.522774E-04
-2.584881E-04
-2.585483E-04
4.744799E-05
1.809442E-04
3.139940E-04
2.573908E-04
3.197701E-04
-3.748776E-04
3.670972E-04
4.553859E-04
3.733074E-04
2.393550E-04
3.141087E-04
3.583453E-04
-1.864347E-04
-1.293293E-04
7.331391E-04
-4.114386E-04
-9.876637E-04
7.710439E-04
-1.396825E-03
-3.811644E-04
-2.986020E-04
-4.098045E-04
-1.061828E-04
-9.781055E-05
-3.582758E-04
2.535370E-05
6.772751E-04
-7.270531E-03
-1.769376E-02
-2.674435E-02
-3.448362E-02
-4.081450E-02
-4.580065E-02
-4.958223E-02
-5.248085E-02
-5.467160E-02
-5.603308E-02
-5.646581E-02
-5.688512E-02
-5.752456E-02
-5.712384E-02
-6.177971E-02
-7.181957E-02
-7.986840E-02
-8.615486E-02
-9.090974E-02
-9.140138E-02
-9.019143E-02
-8.986860E-02
-8.916988E-02
-8.933404E-02
-8.938492E-02
-9.060431E-02
-9.173617E-02
-9.289537E-02
-9.455448E-02
-9.571989E-02
-9.569029E-02
-9.891136E-02
-1.001315E-01
-1.043487E-01
-1.080945E-01
-1.114021E-01
-1.129314E-01
-1.134035E-01
-1.138311E-01
-1.121549E-01
-1.095622E-01
-1.050395E-01
-9.840539E-02
-9.356788E-02
-9.006611E-02
-8.887638E-02
-8.928336E-02
-9.013341E-02
-9.470602E-02
-9.852713E-02
-1.010515E-01
-1.027239E-01
-1.028642E-01
-1.031159E-01
-1.035813E-01
-1.041129E-01
-1.042026E-01
-1.019819E-01
-9.886900E-02
-9.709415E-02
-9.613632E-02
-9.518033E-02
-9.560087E-02
-9.749233E-02
-1.018988E-01
-1.060095E-01
-9.958322E-02
-9.477513E-02
-9.282653E-02
-9.186472E-02
-9.258143E-02
-9.371122E-02
-9.216098E-02
-9.553430E-02
1.688052E+00
3.878210E+00
2.970833E+00
2.232087E+00
1.647829E+00
1.190845E+00
8.359167E-01
5.629117E-01
3.557147E-01
2.008254E-01
8.655326E-02
9.309145E-03
-4.107870E-02
-7.516999E-02
-9.603096E-02
-1.062864E-01
-1.077137E-01
-1.086765E-01
-1.152567E-01
-1.196595E-01
-1.216914E-01
-1.212204E-01
-1.176053E-01
-1.136793E-01
-1.089337E-01
-1.037098E-01
-9.624191E-02
-8.648780E-02
-7.517745E-02
-6.715449E-02
-5.969133E-02
-5.268904E-02
-5.122964E-02
-5.296961E-02
-5.358182E-02
-4.676990E-02
-4.185529E-02
-3.788321E-02
-3.184749E-02
-2.451997E-02
-1.554506E-02
1.490896E+00
3.151073E+00
2.671293E+00
2.119452E+00
1.570154E+00
1.057756E+00
5.988210E-01
2.003710E-01
-1.354038E-01
-4.102059E-01
-6.301879E-01
-7.987925E-01
-9.219680E-01
-1.005110E+00
-1.053965E+00
-1.077678E+00
-1.080496E+00
-1.072835E+00
-1.054603E+00
-1.028865E+00
-1.004599E+00
-9.772959E-01
-9.421187E-01
-9.022464E-01
-8.606172E-01
-8.174843E-01
-7.722195E-01
-7.269492E-01
-6.821606E-01
-6.399019E-01
-5.980904E-01
-5.579791E-01
-5.216380E-01
-4.892093E-01
-4.609221E-01
-4.350887E-01
-4.075986E-01
-3.766202E-01
-3.508346E-01
-3.369091E-01
-3.222980E-01
5.372587E-01
1.178257E+00
4.674068E-01
-2.543738E-01
-8.759836E-01
-1.353274E+00
-1.676906E+00
-1.852993E+00
-1.895560E+00
-1.836990E+00
-1.702045E+00
-1.510922E+00
-1.281685E+00
-1.030655E+00
-7.693724E-01
-5.076848E-01
-2.519346E-01
-8.384849E-03
2.178126E-01
4.231694E-01
6.059394E-01
7.685173E-01
9.076760E-01
1.026096E+00
1.127807E+00
1.213687E+00
1.280744E+00
1.328116E+00
1.355598E+00
1.365120E+00
1.357625E+00
1.334170E+00
1.296517E+00
1.245096E+00
1.181503E+00
1.106910E+00
1.023812E+00
9.346633E-01
8.384904E-01
7.389480E-01
6.371174E-01
7.839565E-01
6.365839E-01
-3.568363E-02
-4.468778E-01
-5.820492E-01
-5.023420E-01
-2.858792E-01
-6.152437E-03
2.809801E-01
5.323218E-01
7.236616E-01
8.484987E-01
9.011203E-01
8.801880E-01
7.987639E-01
6.691893E-01
5.050053E-01
3.200654E-01
1.268323E-01
-6.433284E-02
-2.439275E-01
-4.050741E-01
-5.434625E-01
-6.554838E-01
-7.407529E-01
-7.996243E-01
-8.318029E-01
-8.396366E-01
-8.247425E-01
-7.937399E-01
-7.511146E-01
-6.994151E-01
-6.414298E-01
-5.800793E-01
-5.177388E-01
-4.562813E-01
-3.968021E-01
-3.413946E-01
-2.903274E-01
-2.426747E-01
-2.052456E-01
-1.451027E-01
-1.687464E-01
-2.176619E-01
-8.464970E-02
9.307355E-02
2.204913E-01
2.618189E-01
2.232613E-01
1.299847E-01
1.197138E-02
-1.035027E-01
-1.976682E-01
-2.601169E-01
-2.888968E-01
-2.858666E-01
-2.581364E-01
-2.109080E-01
-1.546220E-01
-9.423174E-02
-3.452865E-02
2.144239E-02
7.060716E-02
1.116596E-01
1.442289E-01
1.685885E-01
1.847604E-01
1.956607E-01
2.009057E-01
2.022422E-01
1.991763E-01
1.929686E-01
1.851640E-01
1.754399E-01
1.636010E-01
1.501624E-01
1.368220E-01
1.235681E-01
1.096622E-01
9.650250E-02
8.403104E-02
7.274118E-02
6.128236E-02
4.860476E-02
4.650649E-02
5.022411E-02
3.276269E-02
3.999961E-03
-1.911883E-02
-2.891039E-02
-2.623109E-02
-1.480481E-02
-1.356315E-04
1.527061E-02
2.729140E-02
3.585042E-02
4.154678E-02
4.367483E-02
4.315426E-02
3.991257E-02
3.471204E-02
2.805754E-02
2.110689E-02
1.388081E-02
6.714202E-03
2.544073E-04
-5.716754E-03
-1.076858E-02
-1.499368E-02
-1.887923E-02
-2.156290E-02
-2.246778E-02
-2.246789E-02
-2.227377E-02
-2.160375E-02
-2.083809E-02
-1.977889E-02
-1.880558E-02
-1.785858E-02
-1.692562E-02
-1.501907E-02
-1.418888E-02
-1.353650E-02
-1.295432E-02
-1.044848E-02
-1.119782E-02
-1.052969E-02
-8.463671E-03
-6.502716E-03
-5.562796E-03
-4.572020E-03
-3.983644E-03
-3.231681E-03
-3.501869E-03
-5.042238E-03
-7.068913E-03
-8.909437E-03
-1.006213E-02
-1.166843E-02
-1.200079E-02
-1.203525E-02
-1.201468E-02
-1.201635E-02
-1.205885E-02
-1.212452E-02
-1.201183E-02
-1.182899E-02
-1.137025E-02
-1.047329E-02
-9.555730E-03
-8.439468E-03
-7.769123E-03
-7.183865E-03
-6.410312E-03
-5.340785E-03
-3.922442E-03
1.666581E-03
-2.344899E-04
-2.373069E-03
-3.597651E-03
-4.159450E-03
-3.675310E-03
-3.510887E-03
-4.153776E-03
-4.429241E-03
-4.016388E-03
-4.633801E-03
-6.721623E-03
-1.460930E-03
-8.268073E-03
-1.385946E-02
-1.235238E-02
-7.483896E-03
-2.577316E-03
1.115617E-03
4.401737E-03
6.616232E-03
8.111934E-03
2.093867E-01
1.093491E-01
-2.258534E-01
-5.094890E-01
-7.545877E-01
-9.690793E-01
-1.165895E+00
-1.847821E+00
-1.540814E+00
-1.317078E+00
-1.154365E+00
-1.038159E+00
-9.610243E-01
-4.701242E-01
-7.534666E-01
-1.190888E+00
-1.560292E+00
-1.866369E+00
-2.116403E+00
-2.337679E+00
1.960741E+01
1.430598E+01
9.482421E+00
5.886427E+00
3.253003E+00
1.357993E+00
4.771302E-02
-8.350265E-01
-1.398049E+00
-1.724897E+00
-1.879729E+00
-1.903497E+00
-1.854995E+00
-1.748054E+00
-1.603154E+00
-1.435595E+00
-1.256115E+00
-1.053625E+00
-8.883340E-01
-7.670584E-01
-6.545564E-01
-5.554649E-01
-4.729108E-01
-4.071546E-01
-3.598861E-01
-3.200646E-01
-2.926169E-01
-2.795128E-01
-2.815628E-01
-2.985610E-01
-3.650846E-01
-3.454182E-01
-3.249748E-01
-3.241757E-01
-3.487824E-01
-3.944342E-01
-5.712911E-01
-5.712309E-01
-4.482259E-01
-3.466728E-01
-2.624363E-01
-1.922521E-01
-1.414360E-01
-1.008947E-01
-6.476748E-03
9.501671E-02
2.058096E-01
3.280287E-01
4.635200E-01
-1.193935E+00
-1.182950E+00
-8.561210E-01
-5.988052E-01
-3.970155E-01
-2.389692E-01
-1.142464E-01
-1.984557E-02
5.254514E-02
1.082491E-01
1.524743E-01
1.875334E-01
2.179953E-01
2.299718E-01
2.378899E-01
2.428921E-01
2.433219E-01
2.385294E-01
2.262708E-01
2.141814E-01
2.024211E-01
1.879593E-01
1.715415E-01
1.480604E-01
1.128957E-01
8.219528E-02
6.814903E-02
5.542779E-02
4.299700E-02
3.100523E-02
2.144897E-02
1.749167E-02
3.950354E-03
-4.269945E-03
-4.178883E-03
5.432356E-03
2.526402E-02
9.134408E-02
8.932889E-02
7.620360E-02
6.311886E-02
5.047414E-02
3.793004E-02
2.744144E-02
1.385321E-02
-3.420291E-03
-2.353842E-02
-4.641330E-02
-7.260606E-02
-3.644384E-02
1.741453E-01
1.194961E-01
7.676007E-02
4.520175E-02
2.287719E-02
7.903167E-03
-2.566002E-03
-8.985149E-03
-1.233292E-02
-1.309550E-02
-1.359042E-02
-1.439283E-02
-1.638116E-02
-1.671132E-02
-1.621412E-02
-1.603680E-02
-1.641157E-02
-1.683777E-02
-1.680525E-02
-1.792568E-02
-1.945422E-02
-2.091176E-02
-2.144880E-02
-2.058218E-02
-1.520348E-02
-1.074061E-02
-8.659163E-03
-5.534498E-03
-1.331846E-03
2.567259E-03
5.879206E-03
9.008138E-03
1.284225E-02
1.545970E-02
1.611329E-02
1.508031E-02
1.034281E-02
-4.696689E-03
-5.287636E-03
-5.154225E-03
-4.447191E-03
-4.071545E-03
-3.743970E-03
-3.429557E-03
-2.616472E-03
-1.496723E-03
-2.669371E-05
2.702989E-03
8.033339E-03
-9.410160E-03
-3.363768E-02
-2.469078E-02
-1.759570E-02
-1.185049E-02
-8.351915E-03
-5.083042E-03
-3.501573E-03
-2.460430E-03
-2.256735E-03
-2.803084E-03
-3.188682E-03
-3.067480E-03
-3.100598E-03
-3.764037E-03
-3.839836E-03
-3.563498E-03
-3.715491E-03
-4.069183E-03
-4.064476E-03
-3.417636E-03
-2.966981E-03
-2.125981E-03
-8.001741E-04
1.647804E-04
-1.568665E-04
-6.478806E-04
3.806172E-05
-3.776728E-04
-3.309446E-04
-7.684250E-04
-1.084643E-03
-1.036245E-03
-1.075240E-03
-1.207195E-03
-1.146683E-03
-5.387447E-04
1.302253E-03
3.911584E-03
3.295916E-03
2.494073E-03
1.879291E-03
1.415995E-03
1.308559E-03
1.570122E-03
1.476800E-03
2.069926E-03
2.210418E-03
1.428109E-03
3.893568E-04
5.312030E-03
8.287498E-03
6.347655E-03
4.759929E-03
3.462847E-03
2.314973E-03
1.527176E-03
1.013219E-03
7.164567E-04
5.068075E-04
3.333762E-04
4.565676E-04
5.421052E-04
6.590999E-04
5.620422E-04
3.037535E-04
5.460770E-04
4.843755E-04
4.907164E-04
6.357126E-04
8.776929E-04
4.524317E-04
1.080710E-04
-1.628031E-04
-3.766467E-04
-3.409042E-04
-6.549939E-04
-7.171469E-04
-3.675571E-04
-2.438879E-04
-3.532552E-04
-6.139636E-04
-7.288606E-04
-1.073582E-03
-1.449502E-03
-1.343491E-03
-1.640143E-03
-9.796455E-04
-1.372759E-03
-8.606040E-04
-5.633487E-04
-2.069868E-04
-3.215484E-04
-2.222222E-04
5.085637E-05
1.139891E-05
-3.888315E-04
-3.270028E-04
-5.741993E-05
5.472064E-04
-2.979511E-04
-3.691478E-04
-2.402850E-05
4.384056E-04
7.760559E-04
8.906175E-04
8.497049E-04
6.515458E-04
2.196731E-05
-6.106934E-04
-3.890011E-04
-6.228051E-04
-9.438103E-04
-1.231583E-03
-1.059135E-03
-5.747445E-04
-1.378651E-04
-3.315886E-04
-3.202446E-04
-2.820155E-04
-2.364972E-04
-1.844495E-04
7.579802E-05
4.070461E-04
5.936751E-04
6.352778E-04
9.506426E-04
6.868779E-04
6.939423E-04
6.125908E-04
8.616393E-04
8.456858E-04
1.064135E-03
8.494933E-04
1.841731E-04
-5.454223E-04
-9.438962E-04
-9.780804E-04
-8.983318E-04
-9.369868E-04
-7.701429E-04
-1.045446E-03
-1.276136E-03
-1.120818E-03
-7.299628E-04
-2.196337E-04
1.543691E-04
4.836976E-04
4.815507E-04
3.861878E-04
7.031299E-04
7.743739E-04
6.455903E-04
6.297087E-04
2.112571E-04
1.621833E-04
3.657779E-04
6.748579E-04
5.215068E-04
2.059572E-04
6.184073E-05
3.524598E-05
-3.889072E-04
-5.490378E-04
-1.103277E-03
-1.291928E-03
-1.397525E-03
-1.257074E-03
-8.690493E-04
-3.634558E-04
3.765277E-04
4.755455E-04
8.540301E-04
1.011027E-03
1.255275E-03
1.282222E-03
1.210967E-03
1.292310E-03
1.308157E-03
6.650131E-04
-3.145159E-05
-1.684541E-04
2.016363E-05
7.962997E-05
2.060230E-04
-1.944350E-04
-6.117155E-04
-1.210875E-03
-1.364639E-03
-1.210520E-03
-1.116437E-03
-6.816592E-04
-7.790378E-04
-4.671341E-04
-2.773701E-04
-3.376834E-04
8.818894E-05
6.882547E-04
1.194077E-03
1.295694E-03
1.298651E-03
1.582532E-03
1.637460E-03
1.473866E-03
1.095333E-03
4.065802E-04
-4.008774E-05
-2.754891E-04
-3.561574E-04
-4.959613E-04
-5.257384E-04
-6.412375E-04
-8.075234E-04
-5.024646E-04
-5.115404E-04
-1.483706E-04
-4.231493E-04
-8.679174E-04
-1.305168E-03
-1.496445E-03
-9.783500E-04
-4.375383E-04
-2.650991E-04
2.734586E-04
6.912942E-04
1.338228E-03
1.314052E-03
1.631600E-03
1.793936E-03
1.789838E-03
1.566799E-03
7.368984E-04
9.295600E-05
-5.963873E-04
-2.723972E-04
-2.660457E-04
-2.949080E-04
-3.540967E-04
-5.410129E-04
-7.207404E-04
-9.325058E-04
-7.025303E-04
-4.448032E-04
-7.146174E-04
-4.636272E-04
-4.944140E-04
9.767152E-06
3.116985E-04
1.724253E-04
-3.594008E-05
1.546051E-04
8.851527E-04
9.222513E-04
1.190751E-03
1.247976E-03
7.546120E-04
7.209050E-04
5.188904E-04
1.908356E-04
-2.925380E-04
-5.497920E-05
-9.762577E-05
-6.019076E-05
-1.169096E-05
-2.111825E-05
-1.364939E-04
-2.495880E-04
-1.664509E-04
-8.528559E-05
-1.765522E-04
-3.928979E-04
-6.207284E-04
-7.338516E-04
-6.899457E-04
-6.040483E-04
-6.233505E-04
-4.627741E-04
-2.264128E-04
-3.469252E-04
-1.212282E-04
3.452870E-05
2.779662E-06
9.732982E-05
3.284733E-04
3.600553E-04
2.844378E-04
3.388402E-04
1.839415E-04
2.884617E-04
5.448085E-04
5.027569E-04
3.479470E-04
3.168271E-04
4.206794E-04
3.952667E-04
1.530698E-04
1.561775E-04
1.815898E-04
1.336322E-04
-9.469255E-05
-4.085966E-04
-5.703122E-04
-5.966657E-04
-4.869133E-04
-3.905164E-04
-3.167152E-04
-2.455646E-04
-2.244044E-04
-1.877636E-04
-2.371005E-04
-6.977683E-05
2.459743E-04
3.726517E-04
3.449826E-04
3.048222E-04
4.315201E-04
1.385893E-01
1.060298E+00
9.328449E-01
8.096736E-01
6.982301E-01
6.009935E-01
5.174262E-01
4.469913E-01
3.887765E-01
3.414130E-01
3.036599E-01
2.755586E-01
2.649499E-01
2.435089E-01
2.107808E-01
1.122144E+00
1.024515E+00
9.036022E-01
7.959760E-01
6.983426E-01
4.321260E-01
4.421676E-01
4.540500E-03
-5.536608E-02
2.139170E-01
3.668208E-01
4.642289E-01
5.187549E-01
5.371612E-01
5.352156E-01
5.663755E-01
7.446581E-01
7.894205E-01
1.921225E-01
3.034501E-01
2.445548E-01
1.720192E-01
9.804874E-02
2.612960E-02
-3.913329E-02
-1.089678E-01
-2.092765E-01
-3.126946E-01
4.530868E-01
1.389390E+00
2.406234E+00
3.515346E+00
2.425313E+00
1.764099E+00
-4.146778E-01
-1.365152E+00
-1.582401E+00
-1.645195E+00
-1.628620E+00
-1.568389E+00
-1.500890E+00
-1.427307E+00
-1.347884E+00
-1.261267E+00
-9.187673E-01
-6.171428E-01
-4.772048E-01
-3.455259E-01
-3.618453E-01
-2.059565E-01
-1.030153E-01
-9.870144E-01
-1.931268E+00
-1.758809E+00
-1.522696E+00
-1.287451E+00
-1.070273E+00
-8.782845E-01
-6.695835E-01
-4.525789E-01
-3.045482E-01
-2.038589E-01
-9.466880E-02
-4.105029E-01
-4.241951E-02
1.564295E-01
2.113052E-01
1.983373E-01
2.109779E-01
2.820108E-01
4.827709E-01
1.824214E+00
6.593589E-01
-1.064876E+00
-7.931194E-01
-5.631288E-01
-3.307801E-01
6.010526E-02
-4.460156E-01
-9.898249E-01
2.002782E-02
3.365453E-01
4.680417E-01
5.325297E-01
5.630754E-01
5.747799E-01
5.759311E-01
5.710774E-01
5.640336E-01
5.554998E-01
5.440060E-01
6.593592E-01
6.165456E-01
4.238260E-01
2.264105E-01
-2.565496E-01
-2.847281E-01
-3.788281E-02
9.378673E-02
1.597162E-01
1.822643E-01
1.730840E-01
1.405003E-01
9.339085E-02
4.037879E-02
-8.223742E-06
-2.708120E-02
-7.022675E-02
-1.089540E-01
-1.684005E-01
-1.099094E-01
-1.299711E-01
-1.882360E-01
-1.975582E-01
-4.131140E-01
-2.491945E-01
-2.133260E-01
-2.032765E-01
-1.864324E-01
-1.652459E-01
-1.430447E-01
-1.222562E-01
-1.052998E-01
-8.632121E-02
-3.057976E-01
1.638947E-01
2.237224E-01
1.989299E-01
1.663619E-01
1.418550E-01
1.263745E-01
1.178931E-01
1.143543E-01
1.143220E-01
1.162169E-01
1.204215E-01
1.257128E-01
1.315088E-01
1.538402E-01
5.416632E-02
-2.427820E-03
1.318917E-01
1.650127E-01
1.709993E-01
1.681741E-01
1.609928E-01
1.499501E-01
1.357426E-01
1.191182E-01
1.007461E-01
8.184161E-02
6.320241E-02
4.730913E-02
3.011070E-02
7.930394E-03
-1.189056E-02
-3.117950E-02
-6.138329E-02
-9.043409E-02
-1.069858E-01
-1.172160E-01
-1.234847E-01
-1.283057E-01
-1.326203E-01
-1.363653E-01
-1.388472E-01
-1.396006E-01
-1.382988E-01
-1.346957E-01
-1.288151E-01
-1.204997E-01
-9.064322E-02
-8.568024E-02
-9.880336E-02
-1.031587E-01
-1.016670E-01
-9.624738E-02
-8.846256E-02
-7.927677E-02
-6.919666E-02
-5.843030E-02
-4.730481E-02
-3.603788E-02
-2.511306E-02
-1.480834E-02
-1.362118E-02
1.235979E-02
2.839623E-02
3.577904E-02
4.248026E-02
4.857137E-02
5.384328E-02
5.801332E-02
6.085592E-02
6.257196E-02
6.351297E-02
6.335561E-02
6.230876E-02
6.104270E-02
5.960472E-02
5.614843E-02
5.238119E-02
4.973141E-02
4.611746E-02
4.206180E-02
3.969324E-02
3.861586E-02
3.733029E-02
3.541517E-02
3.279372E-02
2.962818E-02
2.598351E-02
2.199570E-02
1.789231E-02
1.371697E-02
9.451132E-03
5.021135E-03
5.325811E-04
-4.552317E-03
-1.123534E-02
-1.585427E-02
-1.911553E-02
-2.154138E-02
-2.336245E-02
-2.470358E-02
-2.558940E-02
-2.596231E-02
-2.597222E-02
-2.556228E-02
-2.480041E-02
-2.373220E-02
-2.243783E-02
-2.059465E-02
-1.852513E-02
-1.736550E-02
-1.607388E-02
-1.451843E-02
-1.281471E-02
-1.131375E-02
-9.719198E-03
-8.000000E-03
-6.463135E-03
-5.157470E-03
-3.811830E-03
-2.228942E-03
-6.349615E-04
8.718598E-04
2.359689E-03
4.017025E-03
5.431114E-03
6.762731E-03
8.066875E-03
9.467162E-03
1.063242E-02
1.145594E-02
1.188215E-02
1.210810E-02
1.207483E-02
1.183050E-02
1.150084E-02
1.103572E-02
1.050325E-02
9.786027E-03
8.916180E-03
8.038855E-03
7.176104E-03
6.347145E-03
5.602606E-03
4.967583E-03
4.274239E-03
3.461011E-03
2.661070E-03
1.867893E-03
1.140974E-03
5.116145E-04
-1.571532E-04
-8.891729E-04
-1.719435E-03
-2.314588E-03
-2.942107E-03
-3.708958E-03
-4.396408E-03
-4.925652E-03
-5.361160E-03
-5.730842E-03
-5.911447E-03
-6.081078E-03
-6.298917E-03
-6.469380E-03
-6.377175E-03
-6.033264E-03
-5.593205E-03
-5.111423E-03
-4.619707E-03
-4.166887E-03
-3.836253E-03
-3.509065E-03
-3.146310E-03
-2.578315E-03
-2.042959E-03
-1.665442E-03
-1.419794E-03
-1.160263E-03
-8.483829E-04
-5.335602E-04
-2.014488E-04
1.414114E-04
5.092851E-04
7.861726E-04
1.001021E-03
1.291779E-03
1.572372E-03
1.835857E-03
2.148441E-03
2.373150E-03
2.602742E-03
2.727778E-03
2.768856E-03
2.740152E-03
2.942431E-03
3.097044E-03
2.976631E-03
2.773462E-03
2.542707E-03
2.378892E-03
2.188768E-03
1.941090E-03
1.712517E-03
1.453059E-03
1.248400E-03
1.039703E-03
8.345586E-04
5.533247E-04
3.274453E-04
1.788757E-04
5.840425E-05
-2.617641E-05
-2.702758E-05
-5.318843E-05
-1.553610E-04
-3.167473E-04
-4.791894E-04
-6.524261E-04
-6.540786E-04
-5.223797E-04
-4.382253E-04
-5.358382E-04
-7.872460E-04
-9.506183E-04
-1.039753E-03
-1.119253E-03
-1.133866E-03
-9.841044E-04
-1.040390E-03
-1.088911E-03
-1.100582E-03
-1.138621E-03
-1.055336E-03
-9.683299E-04
-9.434323E-04
-8.614689E-04
-6.878063E-04
-6.218359E-04
-5.934383E-04
-4.491320E-04
-2.392887E-04
-5.277833E-05
5.619308E-05
1.718668E-04
2.571570E-04
3.649405E-04
5.402370E-04
7.018970E-04
7.370709E-04
6.528688E-04
6.632332E-04
6.667952E-04
5.820906E-04
5.515286E-04
-1.539934E-04
-1.520712E-04
-1.352646E-04
-1.666915E-04
-2.393795E-04
-2.342658E-04
-2.024477E-04
-2.125915E-04
-1.790272E-04
-1.100806E-04
-1.137582E-04
-7.559302E-05
2.194740E-05
6.362931E-05
6.899135E-05
5.849711E-05
6.242757E-05
6.247858E-05
1.651817E-05
1.320647E-05
3.972555E-05
4.830167E-05
5.791828E-05
3.784186E-05
4.023467E-06
-1.605120E-05
2.022855E-05
4.506236E-05
3.301659E-05
1.743275E-05
8.548865E-06
2.227352E-05
-1.204804E-05
-3.210313E-05
3.030144E-05
-3.019261E-05
-6.785452E-05
-8.545270E-05
-5.465990E-05
-3.031371E-05
4.961982E-05
8.448637E-05
5.834138E-05
3.238224E-05
8.594956E-05
5.723538E-05
-3.710962E-06
2.016798E-05
3.652907E-05
-2.330411E-05
-3.612377E-05
-1.139762E-04
-1.606175E-04
-9.725182E-05
-8.672539E-05
-1.122176E-04
-1.185602E-04
-9.414578E-05
-1.460560E-05
5.042029E-05
1.024705E-04
1.081566E-04
5.427713E-05
3.833199E-05
9.998177E-05
1.619676E-04
1.527410E-04
1.407135E-04
1.222154E-04
5.905706E-05
6.567165E-05
1.078291E-04
1.180679E-04
1.995533E-05
-1.037087E-04
-1.099440E-04
-1.408242E-04
-1.751698E-04
-1.387824E-04
-8.446587E-05
-1.324274E-04
-1.704577E-04
-1.968839E-04
-1.877541E-04
-1.000464E-04
2.578227E-06
1.084383E-05
7.801388E-05
8.241269E-05
3.401598E-05
3.897001E-05
1.276378E-04
2.130877E-04
2.273453E-04
1.967042E-04
9.060140E-05
6.252645E-02
3.496922E-01
3.076832E-01
2.654121E-01
2.261185E-01
1.905381E-01
1.589604E-01
1.313361E-01
1.075564E-01
8.728863E-02
7.009393E-02
5.562223E-02
4.549433E-02
3.860154E-02
3.012258E-02
3.396786E-01
3.140153E-01
2.705933E-01
2.300777E-01
1.300227E-01
2.489443E-02
2.475699E-02
3.748428E-02
5.454467E-02
7.122252E-02
8.509388E-02
9.623307E-02
1.059966E-01
1.096096E-01
1.082351E-01
1.041722E-01
1.157716E-01
1.282300E-01
1.473117E-01
1.958293E-01
1.729442E-01
1.397713E-01
1.019817E-01
8.816273E-02
4.653548E-02
-8.513394E-03
-5.458030E-02
-1.576894E-01
-1.162384E-01
-7.566154E-02
-1.411476E-02
5.477283E-02
2.202626E-02
1.143734E-01
1.743401E-01
1.574611E-01
1.384242E-01
1.018016E-01
8.278787E-02
9.642238E-02
9.881382E-02
8.686480E-02
4.962823E-02
-3.817123E-02
-3.041472E-02
2.268755E-02
4.186729E-02
6.997340E-02
1.092035E-01
2.509788E-01
4.343086E-01
2.086610E-02
-1.496174E-01
-1.908217E-02
4.918387E-02
9.440509E-02
1.386506E-01
1.092227E-01
9.284867E-02
1.087086E-01
5.861993E-02
-1.136714E-01
-2.886359E-01
-3.574450E-01
-3.811690E-01
-3.920023E-01
-3.491398E-01
-3.765030E-01
-4.031119E-01
-4.087808E-01
-4.724449E-01
-7.377436E-01
-6.274330E-01
-5.583002E-01
-5.194619E-01
-5.004167E-01
-5.258540E-01
4.219612E-02
2.203667E-01
2.485010E-01
2.563739E-01
2.124455E-01
1.691806E-01
1.938434E-01
1.681066E-01
1.090784E-01
2.305422E-02
-1.203503E-01
-4.635852E-02
1.067464E-03
5.957502E-03
7.246841E-02
2.883584E-01
3.187887E-01
9.678204E-02
-8.780629E-02
-1.674326E-02
-6.602090E-02
-1.603185E-01
-2.538587E-01
-3.321274E-01
-4.369692E-01
-2.124051E-01
-2.269752E-02
1.232564E-01
3.693451E-02
3.202892E-02
3.933934E-02
4.967724E-02
6.099064E-02
1.003654E-01
7.887645E-02
8.359762E-03
-5.637513E-02
-2.910937E-01
-2.458701E-01
-2.736816E-01
-1.456476E-01
2.350766E-02
1.028219E-01
2.427809E-01
7.120367E-01
4.610025E-01
3.016655E-01
2.091972E-01
1.293436E-01
1.008977E-02
-8.665840E-02
-1.590477E-01
-1.604188E-01
-1.729822E-01
-2.392107E-01
-2.236970E-01
-1.005088E-01
-4.786404E-02
1.943387E-02
-1.048514E-01
-2.762902E-01
-3.566502E-01
-7.730520E-02
7.441591E-02
2.868160E-01
5.682345E-01
3.878816E-01
1.986944E-01
9.111766E-02
5.669209E-02
5.961599E-02
1.050293E-01
-2.659590E-01
-3.176434E-01
-2.355036E-01
-1.537779E-01
-8.421446E-02
-3.462391E-02
-3.627110E-03
1.148942E-02
2.441357E-03
1.934662E-02
6.711126E-02
1.551025E-01
2.329766E-01
2.534476E-01
3.300791E-01
3.023604E-01
2.878301E-01
-2.610100E-02
-1.005569E-01
-1.134537E-01
-1.069355E-01
-9.417132E-02
-7.607807E-02
-7.310531E-02
-8.684603E-02
-8.161961E-02
-6.612899E-02
-4.233961E-02
-3.612462E-02
-6.798986E-02
-1.111445E-01
1.481268E-02
1.927557E-01
1.975758E-01
-1.773689E-01
-1.540509E-01
-7.474191E-02
-2.850667E-02
-9.630720E-03
-4.114190E-03
-2.377881E-03
-7.335108E-03
5.865250E-03
7.941017E-02
3.030101E-02
-2.204789E-01
-7.612864E-02
-6.036086E-05
3.670118E-02
5.296707E-02
5.882398E-02
5.889522E-02
6.882608E-02
7.557871E-02
6.994147E-02
6.775450E-02
5.111066E-02
8.913376E-02
1.264979E-01
1.273801E-01
9.663800E-02
4.561172E-05
-1.495531E-02
1.541258E-02
3.484968E-02
4.646670E-02
5.160210E-02
5.085622E-02
4.508905E-02
3.619560E-02
1.870548E-02
2.647762E-03
-1.715979E-02
7.573935E-03
-8.901920E-03
-1.281082E-01
3.376450E-03
-6.629513E-02
-1.075099E-01
-1.381350E-01
-1.538149E-01
-1.642821E-01
-1.707332E-01
-1.739114E-01
-1.741515E-01
-1.724024E-01
-1.667807E-01
-1.582627E-01
-1.522542E-01
-1.124342E-01
-1.862380E-01
-1.103851E-01
-6.320344E-02
-4.723844E-02
-3.568322E-02
-2.472874E-02
-1.281775E-02
-2.643939E-03
9.866016E-03
2.364630E-02
3.810275E-02
5.275745E-02
6.684758E-02
8.175136E-02
1.062875E-01
9.905057E-02
8.187111E-02
1.128394E-01
1.294711E-01
1.392232E-01
1.456648E-01
1.491280E-01
1.498682E-01
1.480795E-01
1.440021E-01
1.365601E-01
1.259326E-01
1.291463E-01
1.121005E-01
1.041369E-01
9.080016E-02
7.253294E-02
6.866385E-02
4.645559E-02
3.038782E-02
1.651680E-02
4.093070E-03
-7.447443E-03
-1.861689E-02
-2.955490E-02
-4.020936E-02
-5.032067E-02
-5.985282E-02
-6.822660E-02
-7.566022E-02
-8.160482E-02
-9.589880E-02
-8.027355E-02
-8.666340E-02
-9.191036E-02
-9.504565E-02
-9.589687E-02
-9.496168E-02
-9.256311E-02
-8.894208E-02
-8.414061E-02
-7.834768E-02
-7.174498E-02
-6.443122E-02
-5.673776E-02
-4.643132E-02
-4.451475E-02
-3.195503E-02
-1.962898E-02
-1.097370E-02
-2.699295E-03
5.406840E-03
1.308370E-02
2.005872E-02
2.652663E-02
3.228304E-02
3.746462E-02
4.185061E-02
4.561719E-02
4.872748E-02
5.172048E-02
5.263428E-02
5.308265E-02
5.399647E-02
5.344777E-02
5.215371E-02
5.111723E-02
4.976546E-02
4.786487E-02
4.533306E-02
4.226341E-02
3.872157E-02
3.479373E-02
3.058534E-02
2.621718E-02
2.165556E-02
1.689041E-02
1.242887E-02
7.655927E-03
2.735275E-03
-2.528980E-03
-7.095036E-03
-1.109876E-02
-1.473547E-02
-1.806724E-02
3.405077E-03
7.940381E-04
-2.540320E-03
-4.643269E-03
-6.366161E-03
-6.682490E-03
-6.625527E-03
-7.603679E-03
-8.769339E-03
-7.737252E-03
-4.309245E-03
-8.906069E-03
-1.475313E-03
-3.502046E-03
-1.260163E-02
-1.525979E-02
-1.223946E-02
-7.614203E-03
-2.186292E-03
3.522611E-03
7.629803E-03
1.025066E-02
2.461325E-01
2.454128E-01
-1.166265E-02
-2.276397E-01
-4.122299E-01
-5.700129E-01
-7.144606E-01
-1.467443E+00
-1.205811E+00
-9.991532E-01
-8.627541E-01
-7.640045E-01
-6.937025E-01
-1.192138E-01
-2.757681E-01
-6.189784E-01
-9.115059E-01
-1.154564E+00
-1.353844E+00
-1.527846E+00
1.457960E+01
1.060135E+01
6.976722E+00
4.275189E+00
2.299549E+00
8.781767E-01
-9.656838E-02
-7.491815E-01
-1.160424E+00
-1.393858E+00
-1.504673E+00
-1.501491E+00
-1.461808E+00
-1.372234E+00
-1.253397E+00
-1.122488E+00
-9.864105E-01
-8.261149E-01
-6.877221E-01
-5.921882E-01
-5.026367E-01
-4.232846E-01
-3.572571E-01
-3.041314E-01
-2.663867E-01
-2.326107E-01
-2.060806E-01
-1.910774E-01
-1.865275E-01
-1.921392E-01
-2.568098E-01
-2.427105E-01
-2.105790E-01
-2.023134E-01
-2.162797E-01
-2.432997E-01
-4.170317E-01
-4.524939E-01
-3.552005E-01
-2.748185E-01
-2.084030E-01
-1.551892E-01
-1.211045E-01
-1.115881E-01
-5.030916E-02
1.556091E-02
8.710997E-02
1.644368E-01
2.494033E-01
-8.687312E-01
-8.445973E-01
-6.066422E-01
-4.196288E-01
-2.746714E-01
-1.588456E-01
-7.000385E-02
-3.535460E-03
4.712026E-02
8.665792E-02
1.171260E-01
1.395079E-01
1.621975E-01
1.699767E-01
1.755480E-01
1.800599E-01
1.817780E-01
1.791427E-01
1.700996E-01
1.602708E-01
1.524564E-01
1.440425E-01
1.315206E-01
1.187660E-01
9.207588E-02
6.366519E-02
5.449215E-02
4.669943E-02
3.677661E-02
2.632378E-02
1.881588E-02
1.846422E-02
6.536173E-03
-2.031490E-03
-4.448099E-03
-1.483932E-03
7.984664E-03
6.980873E-02
7.076250E-02
5.987559E-02
4.964233E-02
4.041902E-02
2.840231E-02
2.268204E-02
1.187751E-02
9.483625E-04
-1.091708E-02
-2.599503E-02
-4.106537E-02
-1.254271E-02
1.305016E-01
8.808578E-02
5.487429E-02
3.161571E-02
1.501082E-02
2.837807E-03
-5.469411E-03
-1.027782E-02
-1.260795E-02
-1.208974E-02
-1.175897E-02
-1.154465E-02
-1.357780E-02
-1.481221E-02
-1.325092E-02
-1.448645E-02
-1.426293E-02
-1.306429E-02
-1.337365E-02
-1.433765E-02
-1.449971E-02
-1.471813E-02
-1.604560E-02
-1.686245E-02
-1.253834E-02
-8.419454E-03
-7.611952E-03
-5.410178E-03
-2.264229E-03
7.818428E-04
3.748437E-03
5.687579E-03
8.017820E-03
9.613951E-03
1.179299E-02
1.169900E-02
1.067959E-02
-3.814682E-03
-4.454156E-03
-3.456080E-03
-3.372491E-03
-2.965604E-03
-2.121742E-03
-2.016147E-03
-1.625929E-03
-1.942181E-03
-1.614782E-03
5.523265E-04
4.128914E-03
-9.271761E-03
-2.577927E-02
-1.884068E-02
-1.283371E-02
-8.151172E-03
-4.123168E-03
-2.253648E-03
-1.521993E-03
-2.869236E-04
-1.403493E-03
-2.261796E-03
-2.399177E-03
-2.361050E-03
-2.267718E-03
-3.232424E-03
-3.041114E-03
-2.684546E-03
-3.716434E-03
-4.126099E-03
-3.893007E-03
-3.544630E-03
-3.435421E-03
-2.649742E-03
-9.751351E-04
-3.219765E-05
1.229019E-03
-3.576283E-04
6.336180E-04
-1.885119E-04
1.254096E-05
-2.590910E-04
-4.950691E-04
-7.040866E-04
-6.160510E-04
-1.086724E-03
-1.277088E-03
-1.050759E-03
1.491871E-04
2.926479E-03
2.335586E-03
1.215366E-03
6.898275E-04
1.197770E-03
9.536828E-04
1.247487E-03
3.180978E-04
1.985923E-03
1.459529E-03
2.075606E-03
1.069162E-03
4.239986E-03
6.520449E-03
4.347495E-03
2.942762E-03
1.989791E-03
1.096692E-03
1.282487E-03
1.261649E-03
6.376104E-04
6.796890E-04
5.938651E-04
6.503757E-05
2.335680E-05
1.882145E-04
5.966884E-05
-5.693438E-04
1.035599E-03
-4.458673E-04
8.567127E-04
4.155926E-04
9.431069E-04
1.905917E-04
-1.358333E-04
-2.185831E-04
1.046389E-04
1.784875E-04
-1.389171E-04
-7.962806E-05
3.602797E-04
2.843290E-04
6.897913E-05
-1.462950E-04
-7.075339E-05
-6.319700E-04
-1.803904E-03
-1.483973E-03
-1.846698E-03
-1.454687E-03
-2.361664E-03
-1.875490E-03
-2.109587E-03
-8.386887E-04
-4.139228E-04
-6.875431E-04
3.510856E-05
2.317465E-04
-1.655535E-04
2.335149E-04
3.001432E-04
1.115158E-03
9.901953E-04
1.081701E-03
8.207679E-04
1.030757E-03
1.131298E-03
5.698177E-04
1.402854E-04
3.442556E-04
-2.739440E-04
-5.544642E-04
-3.857455E-04
-7.767075E-04
-1.255409E-03
-1.225675E-03
-1.544722E-03
-1.623025E-03
-9.265837E-04
-1.121631E-03
-6.238901E-04
-6.269708E-04
-4.891904E-04
-4.416886E-04
1.593851E-05
2.529201E-04
7.611827E-04
1.139645E-03
1.934852E-03
1.855727E-03
1.282548E-03
1.787784E-03
1.466737E-03
1.184618E-03
1.105473E-03
2.881518E-04
-1.119606E-04
-2.005021E-04
-1.321420E-03
-1.588491E-03
-1.440238E-03
-1.596604E-03
-1.638326E-03
-1.672553E-03
-1.883838E-03
-1.800190E-03
-5.398646E-04
6.438638E-05
2.329051E-04
1.149602E-03
7.566444E-04
1.289990E-03
9.004334E-04
1.775896E-03
1.371982E-03
2.058193E-03
6.902164E-04
1.636881E-05
1.457771E-04
1.569747E-04
-6.106277E-04
-4.466459E-04
-9.843474E-04
-5.139410E-04
-6.594174E-04
-7.030162E-04
-1.259275E-03
-1.249581E-03
-1.311394E-03
-1.343953E-03
-7.344742E-04
-1.645609E-04
1.077631E-03
7.893177E-04
1.393226E-03
1.052982E-03
1.346036E-03
1.251282E-03
7.733114E-04
1.156626E-03
1.948368E-03
1.592127E-03
6.981567E-04
1.077345E-06
3.848729E-04
-1.583492E-04
7.448447E-05
-3.646978E-04
-1.297195E-03
-2.019665E-03
-1.595130E-03
-2.023550E-03
-1.991915E-03
-1.181072E-03
-1.143980E-03
-1.284505E-03
-3.389714E-04
-5.812933E-04
1.228129E-03
1.733341E-03
1.796504E-03
1.903648E-03
2.011208E-03
2.130988E-03
2.642954E-03
2.261489E-03
1.811029E-03
1.075124E-03
5.401851E-04
-5.896305E-04
-8.308712E-04
-1.279336E-03
-1.227946E-03
-1.875214E-03
-1.956809E-03
-1.295914E-03
-1.087373E-03
-3.165444E-04
-5.840504E-04
-7.949311E-04
-8.440921E-04
-1.574489E-03
-8.600661E-04
7.908616E-05
8.452587E-04
1.782357E-03
1.002614E-03
1.747943E-03
1.324923E-03
1.637469E-03
1.800600E-03
1.970780E-03
1.677906E-03
5.572151E-04
8.738196E-04
-8.204462E-04
-2.627347E-04
1.315462E-05
-6.400207E-04
-6.980790E-04
-1.634327E-03
-9.330797E-04
-6.493856E-04
-1.180323E-03
-8.238608E-04
-9.877077E-04
-7.063439E-04
-5.126083E-04
4.689498E-04
9.663687E-04
1.117471E-03
1.287014E-03
5.286128E-04
1.323262E-03
8.906152E-04
1.751305E-03
1.202507E-03
9.500401E-04
4.472214E-04
2.645017E-04
2.429815E-04
-5.362413E-04
-4.396763E-04
-3.751219E-04
6.367544E-05
2.871326E-04
3.437320E-04
3.783687E-04
9.762914E-05
3.847333E-04
-1.036123E-04
-6.505706E-04
-8.945399E-04
-1.017457E-03
-1.222347E-03
-1.359494E-03
-9.636317E-04
-3.914868E-04
-7.998848E-04
-2.902572E-04
-1.316086E-04
1.290523E-04
5.219341E-04
4.356327E-04
7.917491E-05
6.226766E-04
4.562956E-04
5.141730E-04
2.561031E-04
9.863585E-05
1.881352E-04
4.706652E-04
3.416659E-04
1.865575E-04
2.006190E-04
3.718510E-04
3.950113E-04
1.718965E-04
4.574213E-04
5.121266E-04
3.267175E-04
1.682213E-04
-3.612577E-04
-5.003806E-04
-9.392997E-04
-8.166749E-04
-8.052332E-04
-6.783999E-04
-4.459629E-04
-3.406543E-04
1.918821E-04
1.700720E-04
3.446841E-04
6.587273E-04
6.034472E-04
2.002766E-04
3.528479E-05
8.695558E-05
1.418691E-01
1.160883E+00
1.035772E+00
9.120998E-01
8.002481E-01
7.015167E-01
6.162527E-01
5.441217E-01
4.844543E-01
4.355563E-01
3.959918E-01
3.669901E-01
3.563607E-01
3.338972E-01
2.987591E-01
1.287877E+00
1.199595E+00
1.077592E+00
9.680353E-01
8.688659E-01
5.806956E-01
5.934647E-01
1.262947E-01
4.585519E-02
3.390260E-01
5.067356E-01
6.150585E-01
6.769996E-01
6.998730E-01
7.002914E-01
7.355804E-01
9.328758E-01
9.926442E-01
3.421453E-01
4.604533E-01
3.978270E-01
3.181946E-01
2.357353E-01
1.550455E-01
8.112332E-02
1.878276E-03
-1.118067E-01
-2.343608E-01
5.857959E-01
1.608411E+00
2.727218E+00
2.051851E+00
3.465724E-01
2.228174E-01
-1.643820E+00
-2.346485E+00
-2.315680E+00
-2.181600E+00
-2.012771E+00
-1.836351E+00
-1.682763E+00
-1.546439E+00
-1.422467E+00
-1.305112E+00
-9.207766E-01
-5.807497E-01
-4.213394E-01
-2.756346E-01
-2.932123E-01
-1.261374E-01
-1.823009E-02
-9.609860E-01
-2.026821E+00
-1.861446E+00
-1.622960E+00
-1.382658E+00
-1.159449E+00
-9.609262E-01
-7.423446E-01
-5.103647E-01
-3.510467E-01
-2.411816E-01
-1.216986E-01
-4.593869E-01
-6.462758E-02
1.587386E-01
2.251662E-01
2.177017E-01
2.377233E-01
3.204149E-01
5.372839E-01
2.001769E+00
5.358838E-01
-2.004125E+00
-1.391495E+00
-8.421573E-01
-3.310623E-01
3.132190E-01
-5.970185E-02
-5.526935E-01
6.261419E-01
1.023058E+00
1.189280E+00
1.259038E+00
1.273167E+00
1.251995E+00
1.208161E+00
1.149966E+00
1.084644E+00
1.015396E+00
9.427818E-01
1.008392E+00
9.095274E-01
6.483816E-01
3.841541E-01
-1.837274E-01
-2.705976E-01
-3.887752E-02
7.433323E-02
1.219215E-01
1.275766E-01
1.034356E-01
5.822040E-02
3.735850E-04
-6.100172E-02
-1.068368E-01
-1.359362E-01
-1.813830E-01
-2.207554E-01
-2.807815E-01
-2.176176E-01
-2.318533E-01
-2.899461E-01
-2.997883E-01
-5.339978E-01
-2.737031E-01
-1.512797E-01
-1.240823E-01
-1.333347E-01
-1.620013E-01
-1.980285E-01
-2.331503E-01
-2.637992E-01
-2.815635E-01
-5.441991E-01
-5.116771E-02
1.522163E-02
-4.170215E-03
-2.629852E-02
-3.593344E-02
-3.382194E-02
-2.314851E-02
-7.254244E-03
1.207108E-02
3.252673E-02
5.370776E-02
7.498384E-02
9.559433E-02
1.327946E-01
3.619438E-02
-1.902082E-02
1.350529E-01
1.790542E-01
1.921242E-01
1.943129E-01
1.909902E-01
1.827630E-01
1.701338E-01
1.542462E-01
1.357296E-01
1.158270E-01
9.605266E-02
7.947949E-02
5.924660E-02
3.608544E-02
1.463028E-02
-8.440542E-03
-4.255660E-02
-8.054007E-02
-1.053270E-01
-1.203233E-01
-1.272627E-01
-1.301227E-01
-1.309594E-01
-1.307115E-01
-1.287145E-01
-1.256024E-01
-1.207998E-01
-1.142688E-01
-1.063531E-01
-9.676036E-02
-6.438601E-02
-5.868885E-02
-7.403664E-02
-8.064716E-02
-8.161118E-02
-7.851343E-02
-7.282665E-02
-6.579676E-02
-5.767639E-02
-4.843221E-02
-3.848270E-02
-2.831919E-02
-1.865654E-02
-9.451947E-03
-9.356737E-03
1.684297E-02
3.339806E-02
4.019290E-02
4.665648E-02
5.274756E-02
5.767557E-02
6.191440E-02
6.453150E-02
6.619142E-02
6.729913E-02
6.654713E-02
6.578035E-02
6.479425E-02
6.307785E-02
5.902390E-02
5.488109E-02
5.220798E-02
4.938118E-02
4.578199E-02
4.340141E-02
4.210294E-02
4.025335E-02
3.766780E-02
3.438953E-02
3.057363E-02
2.637948E-02
2.196330E-02
1.743058E-02
1.250998E-02
7.933133E-03
3.207810E-03
-1.724515E-03
-7.389507E-03
-1.516654E-02
-2.045965E-02
-2.422269E-02
-2.716406E-02
-2.926041E-02
-3.044049E-02
-3.104043E-02
-3.136168E-02
-3.137460E-02
-3.091526E-02
-2.963466E-02
-2.819805E-02
-2.687961E-02
-2.487474E-02
-2.223918E-02
-2.137137E-02
-1.932821E-02
-1.819258E-02
-1.612823E-02
-1.434650E-02
-1.273561E-02
-1.080399E-02
-8.871322E-03
-7.277856E-03
-5.932942E-03
-4.236958E-03
-2.444413E-03
-6.187538E-04
1.659357E-03
3.469421E-03
4.812133E-03
6.154292E-03
7.344664E-03
8.735487E-03
1.017754E-02
1.117388E-02
1.206010E-02
1.264348E-02
1.286917E-02
1.274966E-02
1.266835E-02
1.246550E-02
1.208830E-02
1.115486E-02
1.015702E-02
9.192644E-03
8.283101E-03
7.235287E-03
6.701472E-03
6.186798E-03
5.687334E-03
4.876740E-03
3.698490E-03
2.959815E-03
2.237647E-03
1.580803E-03
6.052159E-04
-1.964648E-04
-1.259380E-03
-1.650723E-03
-2.646998E-03
-3.280005E-03
-3.866525E-03
-4.438973E-03
-4.899534E-03
-5.115297E-03
-5.256928E-03
-5.529468E-03
-5.848971E-03
-6.182683E-03
-6.361155E-03
-6.046381E-03
-5.594311E-03
-5.354287E-03
-4.948244E-03
-4.773852E-03
-4.610702E-03
-4.206475E-03
-3.673818E-03
-3.046893E-03
-2.275878E-03
-1.512468E-03
-1.295543E-03
-1.044375E-03
-6.973387E-04
-2.288211E-04
1.059355E-05
1.794593E-04
4.474598E-04
6.998175E-04
9.142050E-04
1.134636E-03
1.507031E-03
1.970748E-03
2.410603E-03
2.476119E-03
2.523100E-03
2.864290E-03
2.813765E-03
2.983406E-03
2.822253E-03
2.945572E-03
3.021369E-03
2.639213E-03
2.428440E-03
2.404848E-03
2.234472E-03
1.940110E-03
1.833099E-03
1.637937E-03
1.372298E-03
1.277450E-03
1.127527E-03
6.494306E-04
2.519382E-04
2.544503E-04
1.231979E-04
1.766721E-05
7.928410E-06
-1.455818E-04
-1.832643E-04
-2.903773E-04
-4.908436E-04
-6.037004E-04
-5.999268E-04
-3.988080E-04
-6.609283E-04
-8.076023E-04
-1.088290E-03
-1.189777E-03
-1.343469E-03
-1.485569E-03
-1.478207E-03
-1.292938E-03
-1.124967E-03
-1.223376E-03
-1.102183E-03
-7.818898E-04
-7.792025E-04
-7.716234E-04
-7.997384E-04
-8.014545E-04
-4.504339E-04
-7.564057E-04
-8.646011E-04
-8.490153E-04
-6.570614E-04
-4.979240E-04
-3.664782E-04
-4.532633E-05
7.394446E-05
3.313902E-04
5.811433E-04
8.322993E-04
9.082280E-04
1.060534E-03
1.008843E-03
7.235876E-04
6.121286E-04
5.431919E-04
-3.921964E-05
-1.449953E-04
-2.501267E-04
-2.119513E-04
-3.936074E-04
-3.745487E-04
-3.883957E-04
-2.152610E-04
-2.692643E-04
-3.801900E-05
-2.166360E-05
-1.307925E-04
1.386094E-05
6.322868E-05
5.384058E-05
3.382982E-05
6.779102E-05
6.910450E-05
6.422206E-07
3.105229E-05
5.503587E-05
1.136054E-04
1.605410E-04
9.259756E-05
2.195355E-05
-2.558206E-05
3.738238E-05
9.062454E-05
3.084497E-05
-5.776268E-05
-7.164669E-05
-1.162094E-05
-4.715813E-05
-1.375492E-04
5.890614E-05
1.377447E-06
-7.907477E-05
-3.636967E-05
-1.846555E-05
-1.222257E-06
5.657894E-05
2.855985E-05
1.035512E-04
1.192961E-04
7.065087E-05
7.037766E-05
2.451015E-05
9.135975E-05
1.617867E-05
-9.306889E-05
-2.874761E-05
-1.776060E-04
-2.409080E-04
-1.072934E-04
-9.380124E-05
-1.846610E-04
-1.461487E-04
-1.134454E-04
-4.829445E-05
-9.533681E-06
8.696586E-05
1.587725E-04
1.246378E-04
9.154670E-05
9.998941E-05
2.745894E-04
2.990255E-04
2.116660E-04
1.871868E-04
1.179682E-04
6.426414E-05
7.588999E-05
5.514012E-05
-3.519723E-05
-1.764526E-04
-3.446526E-05
-2.312024E-04
-2.875952E-04
-2.270725E-04
-1.427479E-04
-2.155133E-04
-2.631764E-04
-1.678984E-04
-1.723893E-04
-2.662530E-04
8.974958E-05
2.252332E-04
-8.027917E-05
3.837878E-04
1.141903E-04
1.098437E-04
2.292563E-04
2.530374E-04
2.677289E-04
2.953568E-04
9.713033E-05
6.647361E-02
3.814486E-01
3.381012E-01
2.941161E-01
2.530735E-01
2.157659E-01
1.825245E-01
1.533155E-01
1.280882E-01
1.065314E-01
8.814169E-02
7.251165E-02
6.157435E-02
5.422606E-02
4.500102E-02
3.810151E-01
3.565252E-01
3.110740E-01
2.684025E-01
1.612536E-01
4.657575E-02
4.609628E-02
5.982674E-02
7.820329E-02
9.635200E-02
1.114395E-01
1.238068E-01
1.346753E-01
1.388634E-01
1.377381E-01
1.335673E-01
1.460979E-01
1.603433E-01
1.810992E-01
2.350056E-01
2.110078E-01
1.757075E-01
1.350012E-01
1.199843E-01
7.504930E-02
1.486919E-02
-3.573118E-02
-1.485097E-01
-1.055578E-01
-6.236661E-02
3.533192E-03
7.830857E-02
4.361930E-02
1.427915E-01
2.094523E-01
1.920623E-01
1.719319E-01
1.326444E-01
1.117775E-01
1.266633E-01
1.294181E-01
1.165938E-01
7.654447E-02
-1.964900E-02
-1.213195E-02
4.521406E-02
6.595592E-02
9.623207E-02
1.383556E-01
2.924923E-01
4.922045E-01
4.927392E-02
-1.418273E-01
-1.033294E-03
7.299505E-02
1.219260E-01
1.703623E-01
1.387814E-01
1.205453E-01
1.388311E-01
-2.960417E-01
-9.496230E-01
-9.467550E-01
-8.643197E-01
-7.655493E-01
-6.800822E-01
-5.576028E-01
-5.290706E-01
-5.137746E-01
-4.870045E-01
-5.300655E-01
-8.034128E-01
-6.732119E-01
-5.905671E-01
-5.438238E-01
-5.208161E-01
-5.495753E-01
6.736732E-02
2.636163E-01
2.954136E-01
3.044082E-01
2.568868E-01
2.087716E-01
2.347657E-01
2.060555E-01
1.408739E-01
4.594691E-02
-1.116291E-01
-3.486864E-02
1.548128E-02
1.921660E-02
8.902188E-02
3.234778E-01
3.578887E-01
1.200967E-01
-8.726860E-02
-9.077649E-03
-6.315059E-02
-1.668086E-01
-2.700082E-01
-3.569740E-01
-7.925225E-01
-9.043261E-01
-5.957635E-01
-3.182586E-01
-2.948708E-01
-1.910107E-01
-8.519054E-02
1.103850E-02
9.497142E-02
1.962705E-01
2.202683E-01
1.797314E-01
1.359048E-01
-1.008595E-01
-4.231765E-02
-6.710563E-02
7.116133E-02
2.541171E-01
3.362905E-01
4.820537E-01
9.869636E-01
7.102468E-01
5.293243E-01
4.200824E-01
3.246447E-01
1.858904E-01
7.099877E-02
-1.731824E-02
-2.886821E-02
-5.106666E-02
-1.320768E-01
-1.242154E-01
1.726079E-03
5.184523E-02
1.196703E-01
-2.012648E-02
-2.122911E-01
-3.079357E-01
-9.931176E-03
1.516213E-01
3.788290E-01
5.021167E-01
1.710870E-01
1.168816E-01
1.536905E-01
2.486796E-01
3.535013E-01
4.716001E-01
1.087430E-01
5.908514E-02
1.357352E-01
1.957559E-01
2.306336E-01
2.356927E-01
2.158755E-01
1.766390E-01
1.110247E-01
7.459880E-02
7.435851E-02
1.216516E-01
1.624211E-01
1.464520E-01
1.940967E-01
1.348524E-01
9.476404E-02
-2.682440E-01
-3.680250E-01
-3.964894E-01
-3.995658E-01
-3.915799E-01
-3.740007E-01
-3.690344E-01
-3.789899E-01
-3.653402E-01
-3.375524E-01
-2.981397E-01
-2.756095E-01
-2.916328E-01
-3.204403E-01
-1.638363E-01
5.095106E-02
7.932220E-02
-3.579402E-01
-3.039825E-01
-7.400158E-02
6.417544E-02
1.136630E-01
1.027133E-01
5.842890E-02
-6.549272E-03
-5.387228E-02
-2.747912E-02
-1.209296E-01
-4.202636E-01
-2.754649E-01
-1.881596E-01
-1.307330E-01
-8.535178E-02
-4.393317E-02
-4.368170E-03
4.752755E-02
9.579240E-02
1.280013E-01
1.600174E-01
1.714010E-01
2.364467E-01
2.953437E-01
3.089430E-01
2.826443E-01
1.797350E-01
1.595727E-01
1.860079E-01
1.980810E-01
1.997160E-01
1.929568E-01
1.790831E-01
1.595520E-01
1.368066E-01
1.051715E-01
7.586070E-02
4.357846E-02
5.963860E-02
3.510754E-02
-1.092358E-01
4.043855E-02
-2.525527E-02
-9.841290E-02
-1.697380E-01
-2.140040E-01
-2.342238E-01
-2.330402E-01
-2.166274E-01
-1.917264E-01
-1.652017E-01
-1.390286E-01
-1.164792E-01
-1.038241E-01
-6.128296E-02
-1.468912E-01
-7.548287E-02
-3.581339E-02
-3.130612E-02
-3.149340E-02
-3.156553E-02
-2.910552E-02
-2.682389E-02
-2.019825E-02
-1.043962E-02
1.813652E-03
1.541723E-02
2.963009E-02
4.545007E-02
7.283683E-02
6.641578E-02
4.934667E-02
8.495370E-02
1.056292E-01
1.191279E-01
1.289990E-01
1.356018E-01
1.393855E-01
1.402760E-01
1.385279E-01
1.328478E-01
1.240598E-01
1.297621E-01
1.119106E-01
1.024998E-01
9.174992E-02
7.804839E-02
7.880424E-02
5.676129E-02
3.872102E-02
2.121982E-02
4.595868E-03
-1.123532E-02
-2.594031E-02
-3.964850E-02
-5.243781E-02
-6.389104E-02
-7.414640E-02
-8.255407E-02
-8.951712E-02
-9.460857E-02
-1.086237E-01
-9.012910E-02
-9.552561E-02
-9.987413E-02
-1.020251E-01
-1.018837E-01
-9.996636E-02
-9.654492E-02
-9.205493E-02
-8.665067E-02
-8.036169E-02
-7.324496E-02
-6.545685E-02
-5.725557E-02
-4.629334E-02
-4.436860E-02
-3.103038E-02
-1.779070E-02
-8.786241E-03
2.058595E-05
8.679496E-03
1.690618E-02
2.396222E-02
3.116334E-02
3.726269E-02
4.245722E-02
4.681718E-02
5.070758E-02
5.386716E-02
5.700877E-02
5.786184E-02
5.841192E-02
5.972282E-02
5.957321E-02
5.856408E-02
5.768577E-02
5.655577E-02
5.457106E-02
5.184673E-02
4.851635E-02
4.466024E-02
4.040517E-02
3.585290E-02
3.108336E-02
2.608193E-02
2.080661E-02
1.579670E-02
1.038631E-02
4.818211E-03
-1.051456E-03
-6.135542E-03
-1.065210E-02
-1.484381E-02
-1.876946E-02
