450 0.02 9
-4.428287E-03
-4.689576E-03
-2.933943E-03
2.715990E-03
6.616915E-03
9.846499E-03
1.158573E-02
1.000774E-02
8.332377E-03
6.555324E-03
1.424564E-03
2.958798E-03
1.019995E-02
-3.295911E-03
-2.299884E-04
9.468638E-03
1.826752E-02
1.976690E-02
1.347690E-02
3.978277E-03
-5.120279E-03
-1.154760E-02
-1.780360E-01
-6.088206E-01
-1.052538E+00
-1.465133E+00
-1.844316E+00
-2.191383E+00
-2.472077E+00
-2.389228E+00
-2.165793E+00
-1.998823E+00
-1.855572E+00
-1.741549E+00
-1.681111E+00
-1.965665E+00
-2.563297E+00
-3.126012E+00
-3.610936E+00
-4.018861E+00
-4.358206E+00
2.201597E+00
2.456319E+01
2.056993E+01
1.469579E+01
9.779295E+00
5.978801E+00
3.148219E+00
1.097384E+00
-3.419896E-01
-1.309600E+00
-1.917469E+00
-2.261648E+00
-2.413976E+00
-2.413278E+00
-2.323450E+00
-2.167083E+00
-1.957788E+00
-1.717738E+00
-1.492113E+00
-1.300500E+00
-1.134660E+00
-9.878248E-01
-8.583430E-01
-7.483017E-01
-6.568950E-01
-5.869426E-01
-5.425352E-01
-5.225072E-01
-5.283210E-01
-5.578628E-01
-5.984334E-01
-6.011916E-01
-6.131609E-01
-6.478130E-01
-6.924266E-01
-7.612348E-01
-8.514678E-01
-8.438472E-01
-7.360642E-01
-6.122976E-01
-4.918652E-01
-3.805181E-01
-2.756075E-01
-1.563735E-01
-1.038405E-04
1.805200E-01
3.781891E-01
6.007354E-01
8.526095E-01
1.308096E-01
-1.456966E+00
-1.543749E+00
-1.283420E+00
-9.869517E-01
-7.187174E-01
-4.875220E-01
-2.940109E-01
-1.405409E-01
-1.838805E-02
8.336970E-02
1.691547E-01
2.379770E-01
2.875270E-01
3.196318E-01
3.382071E-01
3.485017E-01
3.524940E-01
3.482854E-01
3.388863E-01
3.232291E-01
3.024989E-01
2.737601E-01
2.382253E-01
1.970237E-01
1.624546E-01
1.286828E-01
9.749386E-02
7.427175E-02
5.650734E-02
4.064067E-02
2.471697E-02
9.493715E-03
-1.040710E-04
2.672703E-03
1.998294E-02
5.446581E-02
9.290046E-02
1.070165E-01
1.042716E-01
9.408887E-02
8.098299E-02
6.882614E-02
5.543208E-02
3.743596E-02
1.341818E-02
-1.762538E-02
-5.605400E-02
-1.051360E-01
-1.137419E-01
6.059653E-02
1.360231E-01
1.279842E-01
1.014638E-01
7.389560E-02
5.018002E-02
3.325469E-02
1.913140E-02
7.928085E-03
-1.310181E-04
-5.666070E-03
-9.571472E-03
-1.110078E-02
-1.091887E-02
-1.139703E-02
-1.094356E-02
-1.337490E-02
-1.533760E-02
-1.654812E-02
-1.998138E-02
-2.523525E-02
-2.763151E-02
-2.746489E-02
-2.567857E-02
-2.184148E-02
-1.829184E-02
-1.492517E-02
-1.067563E-02
-6.604377E-03
-1.905171E-03
2.938791E-03
8.820819E-03
1.580106E-02
2.025114E-02
2.033837E-02
1.938187E-02
1.334868E-02
7.507770E-03
3.739718E-03
2.073151E-03
6.318481E-04
-2.442835E-03
-4.146939E-03
-5.034755E-03
-5.149749E-03
-4.261655E-03
-1.228708E-03
3.813972E-03
9.480134E-03
-5.614899E-04
-1.983398E-02
-2.693204E-02
-2.690845E-02
-2.384585E-02
-2.070142E-02
-1.666594E-02
-1.272749E-02
-9.976273E-03
-8.358545E-03
-8.624461E-03
-7.710533E-03
-6.416873E-03
-6.038959E-03
-4.674132E-03
-4.303645E-03
-2.422452E-03
-2.179598E-03
-1.775536E-03
-1.016932E-03
-1.001412E-03
-1.012937E-03
-6.453817E-04
-4.043986E-04
3.207986E-04
-2.982960E-04
-5.023672E-04
-2.512438E-03
-3.133253E-03
-2.863100E-03
-3.616239E-03
-3.770197E-03
-2.691570E-03
-2.411963E-03
-2.960859E-03
-2.932180E-03
-2.188624E-03
5.193980E-04
2.594230E-03
4.290357E-03
7.298871E-03
8.668636E-03
8.624467E-03
8.825997E-03
8.375142E-03
6.646105E-03
4.368180E-03
1.566208E-03
-2.287889E-03
-3.416225E-03
1.212591E-04
3.121086E-03
3.261478E-03
3.684160E-03
4.071947E-03
3.838809E-03
4.460156E-03
4.992162E-03
6.187305E-03
6.935521E-03
6.076011E-03
5.433455E-03
5.190575E-03
3.790625E-03
1.661442E-03
3.766864E-04
-2.424617E-04
2.696640E-04
-6.817359E-05
3.712558E-05
6.797892E-04
1.648048E-03
1.457204E-03
-4.727346E-04
-6.442819E-04
-5.284254E-04
-1.913405E-03
-2.134042E-03
-2.937629E-03
-3.524397E-03
-3.223372E-03
-2.366185E-03
-1.608714E-03
4.914767E-04
1.460699E-03
1.543864E-03
1.950036E-03
2.219611E-03
2.721502E-03
3.474010E-03
2.082343E-03
1.208157E-03
1.999262E-03
2.336240E-03
9.229745E-04
3.455025E-05
-2.128777E-04
-1.576756E-03
-1.943908E-03
-1.725885E-03
-2.009157E-03
-2.249872E-03
-2.755948E-03
-3.529127E-03
-3.415344E-03
-2.907102E-03
-2.719993E-03
-1.526989E-03
-2.653868E-04
1.589020E-03
3.420409E-03
4.126454E-03
4.672601E-03
5.478758E-03
5.061743E-03
3.609276E-03
1.578791E-03
1.032349E-03
-9.327976E-04
-1.881585E-03
-1.573347E-03
-1.866122E-03
-2.528946E-03
-2.003704E-03
-1.148387E-03
-1.686819E-04
5.969880E-04
1.098606E-03
1.159956E-03
1.106338E-03
1.235591E-03
4.539550E-04
-2.804173E-04
-1.430363E-03
-1.647433E-03
-1.129316E-03
-9.436496E-04
-3.969796E-05
1.717815E-03
1.415398E-03
1.079778E-03
1.912239E-03
2.317897E-03
2.189284E-03
1.436967E-03
5.170219E-04
8.260249E-05
-1.028021E-03
-1.883907E-03
-2.890673E-03
-3.193962E-03
-2.287033E-03
-1.789378E-03
-1.455064E-03
-4.358163E-04
1.085580E-03
1.867804E-03
2.013410E-03
1.910721E-03
2.581625E-03
1.966225E-03
1.233626E-03
1.288787E-03
9.706400E-04
1.091140E-03
4.347424E-04
5.484430E-04
1.116184E-03
-1.971020E-04
-1.005209E-03
-1.470446E-03
-2.658555E-03
-2.554658E-03
-2.713536E-03
-3.546445E-03
-2.966945E-03
-1.890251E-03
-6.024984E-04
3.056784E-04
1.233037E-03
3.068639E-03
3.486829E-03
3.520101E-03
3.925144E-03
3.977386E-03
3.611705E-03
2.021504E-03
4.873144E-04
2.092817E-04
-5.660093E-04
-2.226925E-03
-3.294288E-03
-4.208543E-03
-3.660584E-03
-2.257705E-03
-1.454670E-03
-6.622642E-04
1.276169E-03
1.581223E-03
8.411448E-04
7.006883E-04
5.405867E-04
2.657461E-04
-6.916877E-04
-7.398268E-04
-8.203832E-04
-3.286618E-04
4.286773E-04
-2.869940E-04
9.609416E-04
1.322943E-03
1.432096E-03
1.594488E-03
1.635529E-03
1.769995E-03
2.067709E-03
4.056027E-04
-1.762560E-03
-1.966705E-03
-2.455917E-03
-3.127949E-03
-3.109211E-03
-2.804963E-03
-1.944338E-03
-4.138807E-04
4.088236E-04
1.146426E-03
1.696914E-03
1.561507E-03
1.130900E-03
1.049352E-03
1.221740E-03
1.588724E-03
1.105578E-03
3.512837E-04
2.170564E-04
3.446652E-05
5.179263E-04
-6.864423E-04
-1.028916E-03
-4.822934E-04
-1.492247E-03
-1.458914E-03
-2.241360E-03
-2.338077E-03
-1.923072E-03
-2.024413E-03
-1.230479E-03
-1.423994E-03
-5.859609E-04
4.442253E-04
1.214568E-03
2.294056E-03
3.129223E-03
3.307800E-03
3.174260E-03
2.778222E-03
1.447275E-03
5.835913E-04
-1.638525E-03
-3.170786E-03
5.124205E-04
-9.979273E-05
-8.723898E-04
-8.562628E-04
-9.176424E-04
-1.450758E-03
-1.326846E-03
-7.388575E-04
-7.324853E-05
2.364228E-04
5.148959E-04
1.394041E-03
2.009327E-03
2.064235E-03
1.509705E-03
4.889519E-04
4.292579E-04
7.055055E-04
1.013103E-04
-8.612344E-04
-8.960367E-04
-8.344893E-04
8.387408E-05
4.122858E-04
-3.653623E-04
-1.731073E-03
-2.046998E-03
-2.280481E-03
-1.626182E-03
-3.032278E-05
1.062459E-03
9.435405E-04
8.385390E-04
1.489623E-03
1.900540E-03
1.238528E-03
3.427794E-04
-1.500178E-04
-2.644163E-04
-1.039267E-03
-1.235830E-03
-6.666698E-04
-3.439918E-04
-1.069015E-04
-1.162333E-05
-2.888633E-04
-4.124712E-06
3.221289E-04
-8.126445E-05
-1.467580E-04
-1.703273E-04
-4.634224E-04
-7.533097E-04
-4.759084E-04
1.067815E-03
2.218501E-03
-1.270104E-02
-5.306534E-02
-9.752047E-02
-1.391620E-01
-1.766616E-01
-2.074479E-01
-2.339349E-01
-2.562863E-01
-2.736437E-01
-2.861915E-01
-2.955812E-01
-3.033089E-01
-3.105360E-01
-3.160464E-01
-3.261766E-01
-3.581506E-01
-3.979822E-01
-4.352165E-01
-4.674034E-01
-4.910941E-01
-5.068611E-01
-5.159654E-01
-5.160182E-01
-5.142124E-01
-5.150079E-01
-5.195485E-01
-5.278064E-01
-5.376977E-01
-5.471869E-01
-5.576661E-01
-5.716215E-01
-5.880084E-01
-5.998880E-01
-6.055826E-01
-6.084658E-01
-6.084134E-01
-6.047947E-01
-5.979124E-01
-5.883215E-01
-5.769067E-01
-5.626084E-01
-5.421531E-01
-5.228368E-01
-5.266324E-01
-5.574655E-01
1.294631E+00
7.879713E+00
8.316014E+00
6.914014E+00
5.381952E+00
4.038863E+00
2.936914E+00
2.061269E+00
1.380996E+00
8.610072E-01
4.714987E-01
1.863380E-01
-1.564155E-02
-1.552426E-01
-2.541387E-01
-3.231434E-01
-3.674920E-01
-3.925235E-01
-4.029806E-01
-4.035006E-01
-3.878046E-01
-3.440795E-01
-2.817176E-01
-2.134833E-01
-1.476889E-01
-8.800288E-02
-3.490902E-02
9.185762E-03
4.159619E-02
6.269472E-02
7.345839E-02
7.688005E-02
7.717599E-02
7.295608E-02
6.167221E-02
4.392128E-02
2.188392E-02
-3.575411E-03
-3.080839E-02
-5.761087E-02
-9.779179E-02
2.733301E-01
2.011106E+00
2.342923E+00
1.704982E+00
8.011097E-01
-1.117899E-01
-9.230782E-01
-1.584676E+00
-2.097148E+00
-2.471285E+00
-2.718515E+00
-2.852601E+00
-2.888876E+00
-2.844793E+00
-2.734665E+00
-2.572723E+00
-2.373613E+00
-2.149017E+00
-1.909006E+00
-1.663835E+00
-1.421776E+00
-1.185063E+00
-9.552264E-01
-7.327560E-01
-5.218602E-01
-3.304955E-01
-1.638606E-01
-2.271499E-02
9.487836E-02
1.909146E-01
2.671253E-01
3.251795E-01
3.680976E-01
3.984400E-01
4.170260E-01
4.267453E-01
4.292083E-01
4.262415E-01
4.185622E-01
4.066607E-01
3.909460E-01
3.788529E-01
3.581563E-01
1.931580E-01
-5.294561E-02
-2.121842E-01
-2.367197E-01
-1.465348E-01
1.750070E-02
2.146926E-01
4.136502E-01
5.916115E-01
7.366187E-01
8.404403E-01
9.015193E-01
9.236602E-01
9.132599E-01
8.780156E-01
8.252527E-01
7.602907E-01
6.881908E-01
6.131092E-01
5.379635E-01
4.647546E-01
3.944775E-01
3.286887E-01
2.676501E-01
2.125601E-01
1.647139E-01
1.214308E-01
8.178822E-02
4.636897E-02
1.573222E-02
-1.058035E-02
-3.240444E-02
-5.059200E-02
-6.535094E-02
-7.731042E-02
-8.638098E-02
-9.324961E-02
-9.842056E-02
-1.013946E-01
-1.047723E-01
-1.066188E-01
-1.055419E-01
-9.982285E-02
-8.547798E-02
-6.678291E-02
-5.125447E-02
-4.328648E-02
-4.331665E-02
-5.096273E-02
-6.356209E-02
-7.875215E-02
-9.504421E-02
-1.108903E-01
-1.238519E-01
-1.337237E-01
-1.405232E-01
-1.447597E-01
-1.467865E-01
-1.458063E-01
-1.419879E-01
-1.357208E-01
-1.276575E-01
-1.180013E-01
-1.076958E-01
-9.758224E-02
-8.740848E-02
-7.747708E-02
-6.799366E-02
-5.899247E-02
-5.049279E-02
-4.286596E-02
-3.622975E-02
-3.000658E-02
-2.376778E-02
-1.805975E-02
-1.318011E-02
-8.838450E-03
-5.325107E-03
-2.275621E-03
1.079043E-04
1.645358E-03
2.675700E-03
3.224194E-03
3.784693E-03
4.649589E-03
5.828915E-03
7.154492E-03
6.854776E-03
5.179967E-03
3.182528E-03
2.090556E-03
1.659067E-03
1.526108E-03
2.253404E-03
2.414700E-03
3.213985E-03
4.477019E-03
5.707223E-03
7.436026E-03
8.675340E-03
9.517535E-03
1.016032E-02
1.073887E-02
1.168199E-02
1.259523E-02
1.333886E-02
1.439561E-02
1.467768E-02
1.499753E-02
1.556526E-02
1.545987E-02
1.524752E-02
1.505365E-02
1.435574E-02
1.336473E-02
1.238417E-02
1.167218E-02
1.127292E-02
1.100343E-02
1.069622E-02
1.021430E-02
1.019592E-02
1.002260E-02
9.182942E-03
8.804227E-03
8.901150E-03
8.639260E-03
8.618181E-03
9.111536E-03
9.119969E-03
9.058796E-03
8.058644E-03
6.814431E-03
6.587032E-03
6.586375E-03
6.426610E-03
6.229151E-03
5.766965E-03
5.471871E-03
4.867745E-03
4.137526E-03
3.682814E-03
3.178401E-03
2.234834E-03
1.144069E-03
5.672685E-04
1.233490E-04
-6.160118E-04
-1.041363E-03
-1.081897E-03
-1.293231E-03
-1.280363E-03
-1.272682E-03
-1.372604E-03
-1.709455E-03
-1.721227E-03
-2.259833E-03
-2.798757E-03
-3.691289E-03
-4.153497E-03
-3.960218E-03
-3.730994E-03
-3.607624E-03
-3.483277E-03
-3.122389E-03
-3.185687E-03
-3.651044E-03
-3.501235E-03
-3.500537E-03
-3.986364E-03
-4.043314E-03
-4.135331E-03
-4.139765E-03
-3.708981E-03
-3.724776E-03
-3.400970E-03
-2.071308E-03
-1.192135E-03
-5.197587E-04
1.255148E-04
4.677225E-04
7.533844E-04
5.480368E-04
1.202872E-04
7.805989E-06
-4.232342E-04
-8.487203E-04
-9.803716E-04
-1.175474E-03
-1.196647E-03
-1.387208E-03
-1.457433E-03
-1.008591E-03
-6.015546E-04
-3.754363E-04
1.738409E-04
5.749012E-04
1.124811E-03
1.304470E-03
1.340349E-03
1.133944E-03
8.699250E-04
6.923065E-04
6.528024E-04
1.036666E-03
1.254851E-03
1.526442E-03
1.535708E-03
1.396170E-03
1.148225E-03
9.970392E-04
3.618182E-04
1.957890E-05
-2.229586E-04
-7.640882E-04
-1.238797E-03
-9.053167E-04
-6.945545E-04
-2.827850E-04
5.767448E-04
9.566042E-04
1.056277E-03
1.014575E-03
1.055836E-03
6.509183E-04
3.200928E-04
-7.847210E-05
-7.860118E-05
5.889502E-05
3.909489E-04
6.879506E-04
7.002012E-04
6.394436E-04
4.561397E-04
2.421773E-04
2.632284E-04
-1.733447E-05
-4.519777E-04
-3.885468E-04
-3.255407E-04
-3.502068E-04
-3.910050E-04
-5.694260E-04
-2.676898E-04
-2.214993E-04
-4.029559E-04
-7.007095E-05
5.722654E-04
1.122795E-03
1.553657E-03
1.905766E-03
1.998862E-03
1.993970E-03
1.209506E-03
5.786729E-04
1.075321E-04
-3.243530E-04
-9.469215E-04
-1.660136E-03
-1.319204E-03
-9.395414E-04
-6.212718E-04
-1.502792E-04
1.026205E-04
4.218647E-04
-4.820408E-04
-4.294001E-04
-4.099524E-04
-3.278540E-04
-1.776892E-04
6.698269E-05
-2.724357E-05
-1.218070E-04
-8.555665E-05
3.091795E-05
1.691823E-04
1.340456E-04
-1.930858E-05
7.018428E-05
2.348148E-04
4.433824E-04
4.828917E-04
4.871525E-04
4.404911E-04
3.560483E-04
1.193802E-04
-1.101002E-04
-4.390140E-04
-6.537450E-04
-6.484598E-04
-4.314594E-04
-3.495496E-04
-3.309042E-04
-3.394895E-04
-2.691548E-04
-1.722341E-04
-2.020311E-05
1.676619E-04
4.053541E-04
5.349342E-04
6.013010E-04
7.278791E-04
6.752208E-04
2.480132E-04
-2.686332E-05
-1.314702E-04
-1.665768E-04
-4.320645E-04
-6.442043E-04
-7.087318E-04
-6.552452E-04
-5.800240E-04
-2.280067E-04
2.938724E-04
3.902426E-04
2.460313E-04
2.838054E-04
3.658551E-04
4.346604E-04
4.217660E-04
2.491425E-04
-4.961717E-05
-7.292457E-05
-2.427963E-05
-4.469368E-06
-7.738970E-05
-1.563966E-04
-5.810270E-05
1.588928E-05
-1.570842E-04
-3.035662E-04
-4.181572E-04
-3.400569E-04
-2.597872E-04
-1.648442E-04
-1.356526E-04
-2.093889E-05
2.272430E-05
2.164466E-04
3.928949E-04
3.951616E-04
2.719284E-04
1.581200E-04
5.952065E-05
2.997939E-04
3.068562E-04
-6.079280E-05
-4.129100E-04
-4.293072E-04
-2.379299E-04
-2.017035E-04
-5.244982E-05
3.610154E-04
3.497249E-04
-4.897066E-05
4.328654E-05
2.977111E-04
2.153884E-04
-1.983585E-04
-4.015125E-04
-1.091165E-03
-4.517975E-03
-1.057660E-02
-1.755423E-02
-2.441752E-02
-3.050204E-02
-3.562004E-02
-4.007402E-02
-4.399399E-02
-4.700563E-02
-4.908225E-02
-5.071387E-02
-5.229514E-02
-5.348213E-02
-5.441978E-02
-5.725074E-02
-6.291676E-02
-6.948708E-02
-7.586663E-02
-8.101713E-02
-8.436504E-02
-8.616213E-02
-8.691592E-02
-8.741349E-02
-8.800015E-02
-8.882713E-02
-8.980103E-02
-9.045327E-02
-9.123391E-02
-9.256201E-02
-9.404468E-02
-9.470912E-02
-9.577214E-02
-9.775974E-02
-9.942136E-02
-1.017906E-01
-1.045543E-01
-1.071331E-01
-1.089445E-01
-1.097714E-01
-1.095609E-01
-1.084636E-01
-1.063385E-01
-1.032824E-01
-9.968393E-02
-9.638893E-02
-9.393527E-02
-9.223581E-02
-9.209681E-02
-9.352275E-02
-9.595158E-02
-9.841704E-02
-1.001797E-01
-1.010729E-01
-1.016555E-01
-1.021784E-01
-1.024903E-01
-1.019647E-01
-1.007627E-01
-9.899032E-02
-9.724807E-02
-9.598769E-02
-9.537733E-02
-9.574977E-02
-9.717046E-02
-9.877202E-02
-9.929798E-02
-9.848178E-02
-9.760042E-02
-9.718865E-02
-9.677577E-02
-9.608129E-02
-9.641516E-02
-9.663738E-02
-9.348880E-02
5.429543E-01
2.152647E+00
2.549594E+00
2.318415E+00
1.933753E+00
1.544637E+00
1.197024E+00
9.031510E-01
6.618841E-01
4.683682E-01
3.165670E-01
2.000603E-01
1.126859E-01
4.816862E-02
1.911961E-03
-2.989591E-02
-5.153212E-02
-6.691351E-02
-7.825440E-02
-8.633315E-02
-9.167735E-02
-9.441964E-02
-9.493963E-02
-9.412196E-02
-9.217332E-02
-8.878074E-02
-8.390513E-02
-7.793195E-02
-7.143108E-02
-6.499043E-02
-5.900182E-02
-5.426413E-02
-5.138620E-02
-4.962326E-02
-4.759056E-02
-4.497356E-02
-4.224743E-02
-3.912449E-02
-3.435900E-02
-2.834566E-02
1.568015E-02
7.310468E-01
1.686915E+00
2.021419E+00
1.953372E+00
1.696376E+00
1.359177E+00
9.989982E-01
6.479940E-01
3.241550E-01
3.673878E-02
-2.101737E-01
-4.158600E-01
-5.818437E-01
-7.107957E-01
-8.067669E-01
-8.746968E-01
-9.193228E-01
-9.449433E-01
-9.560804E-01
-9.566360E-01
-9.487107E-01
-9.337858E-01
-9.128918E-01
-8.870592E-01
-8.570992E-01
-8.239585E-01
-7.885104E-01
-7.516873E-01
-7.140673E-01
-6.761476E-01
-6.388299E-01
-6.026936E-01
-5.681008E-01
-5.360640E-01
-5.060841E-01
-4.776037E-01
-4.499756E-01
-4.232902E-01
-3.985085E-01
-3.775720E-01
-2.909165E-01
1.059266E-01
3.924868E-01
3.143117E-01
8.121651E-03
-3.825953E-01
-7.660803E-01
-1.090496E+00
-1.331292E+00
-1.481622E+00
-1.545948E+00
-1.534407E+00
-1.459517E+00
-1.334732E+00
-1.172762E+00
-9.850251E-01
-7.815177E-01
-5.705371E-01
-3.591142E-01
-1.529549E-01
4.349285E-02
2.271467E-01
3.960648E-01
5.492225E-01
6.865535E-01
8.078938E-01
9.130778E-01
1.002130E+00
1.074515E+00
1.130043E+00
1.168906E+00
1.191819E+00
1.199305E+00
1.192149E+00
1.171490E+00
1.137964E+00
1.092867E+00
1.037635E+00
9.736572E-01
9.021988E-01
8.262138E-01
7.774073E-01
7.564179E-01
6.077063E-01
3.447362E-01
8.448312E-02
-9.278237E-02
-1.599674E-01
-1.256760E-01
-1.640031E-02
1.358239E-01
3.011457E-01
4.551799E-01
5.798505E-01
6.638033E-01
7.017388E-01
6.939545E-01
6.442995E-01
5.591315E-01
4.464372E-01
3.148936E-01
1.730241E-01
2.843446E-02
-1.120178E-01
-2.426850E-01
-3.593934E-01
-4.592013E-01
-5.401071E-01
-6.011880E-01
-6.425418E-01
-6.655050E-01
-6.718452E-01
-6.639811E-01
-6.447100E-01
-6.162994E-01
-5.806131E-01
-5.399621E-01
-4.961559E-01
-4.508356E-01
-4.056245E-01
-3.617318E-01
-3.194123E-01
-2.773627E-01
-2.462350E-01
-2.314055E-01
-2.011194E-01
-1.376463E-01
-5.459305E-02
2.227679E-02
7.193871E-02
8.518358E-02
6.416213E-02
1.837771E-02
-3.993050E-02
-9.884776E-02
-1.491086E-01
-1.848633E-01
-2.037352E-01
-2.055733E-01
-1.924123E-01
-1.674746E-01
-1.341840E-01
-9.599622E-02
-5.591637E-02
-1.643230E-02
2.049787E-02
5.356995E-02
8.208804E-02
1.056730E-01
1.243891E-01
1.384379E-01
1.484638E-01
1.545795E-01
1.575620E-01
1.578198E-01
1.553725E-01
1.504876E-01
1.439787E-01
1.360652E-01
1.272679E-01
1.179987E-01
1.084015E-01
9.835045E-02
8.839831E-02
7.874905E-02
7.089139E-02
6.477826E-02
5.719212E-02
4.577067E-02
3.177838E-02
1.866237E-02
9.161641E-03
4.599608E-03
4.500730E-03
8.067141E-03
1.381171E-02
2.025656E-02
2.638607E-02
3.141425E-02
3.475799E-02
3.620983E-02
3.585502E-02
3.377412E-02
3.037957E-02
2.613478E-02
2.130087E-02
1.608188E-02
1.093917E-02
6.129782E-03
1.562249E-03
-2.543019E-03
-6.060009E-03
-8.996393E-03
-1.128855E-02
-1.299810E-02
-1.424323E-02
-1.499881E-02
-1.538220E-02
-1.555398E-02
-1.555538E-02
-1.542970E-02
-1.515987E-02
-1.466270E-02
-1.413238E-02
-1.360277E-02
-1.316334E-02
-1.263719E-02
-1.199881E-02
-1.132911E-02
-1.015747E-02
-8.841557E-03
-7.785899E-03
-6.933509E-03
-6.163880E-03
-5.799869E-03
-5.760491E-03
-6.095771E-03
-6.610134E-03
-7.187959E-03
-7.776988E-03
-8.372987E-03
-8.821967E-03
-9.165306E-03
-9.506408E-03
-9.886100E-03
-1.043037E-02
-1.081643E-02
-1.087687E-02
-1.087529E-02
-1.064401E-02
-1.004422E-02
-9.356522E-03
-8.803550E-03
-8.363972E-03
-7.772566E-03
-7.230481E-03
-6.613193E-03
-5.841903E-03
-5.153135E-03
2.107223E-03
1.286556E-03
-7.461156E-05
-1.199533E-03
-1.931657E-03
-2.641208E-03
-3.154159E-03
-3.615059E-03
-4.160074E-03
-4.796109E-03
-5.846061E-03
-6.987688E-03
-5.651513E-03
-8.797758E-03
-1.241495E-02
-1.199877E-02
-8.529805E-03
-4.181885E-03
-3.545191E-04
2.470771E-03
4.644802E-03
1.585510E-02
1.956096E-01
3.567855E-02
-2.300230E-01
-4.846891E-01
-7.162020E-01
-9.251327E-01
-1.275874E+00
-1.594336E+00
-1.457086E+00
-1.295002E+00
-1.161063E+00
-1.058883E+00
-9.411705E-01
-5.723878E-01
-8.431325E-01
-1.210504E+00
-1.547981E+00
-1.838672E+00
-2.082663E+00
1.912020E+00
1.545540E+01
1.276598E+01
8.975874E+00
5.824589E+00
3.396439E+00
1.600397E+00
3.140821E-01
-5.759262E-01
-1.162267E+00
-1.519025E+00
-1.703704E+00
-1.766713E+00
-1.743905E+00
-1.660623E+00
-1.537965E+00
-1.390116E+00
-1.222071E+00
-1.047429E+00
-9.032855E-01
-7.781930E-01
-6.671877E-01
-5.698103E-01
-4.869370E-01
-4.206484E-01
-3.669637E-01
-3.259408E-01
-2.983723E-01
-2.846163E-01
-2.850364E-01
-3.133682E-01
-3.316415E-01
-3.239090E-01
-3.188181E-01
-3.267782E-01
-3.517511E-01
-4.218622E-01
-5.253814E-01
-4.936696E-01
-4.193143E-01
-3.421498E-01
-2.707813E-01
-2.071804E-01
-1.631875E-01
-9.985684E-02
-1.557904E-02
8.003155E-02
1.862993E-01
3.048699E-01
-8.284841E-02
-8.955773E-01
-9.082158E-01
-7.401834E-01
-5.580418E-01
-3.949358E-01
-2.571148E-01
-1.446477E-01
-5.456949E-02
1.663735E-02
7.301521E-02
1.188094E-01
1.557006E-01
1.815035E-01
1.990034E-01
2.106809E-01
2.178287E-01
2.206350E-01
2.176712E-01
2.115074E-01
2.040577E-01
1.943254E-01
1.813886E-01
1.646471E-01
1.405706E-01
1.135207E-01
9.243505E-02
7.581083E-02
6.174713E-02
4.902210E-02
3.793690E-02
2.922722E-02
1.916127E-02
1.025793E-02
5.413797E-03
6.668883E-03
1.711217E-02
4.715726E-02
6.723030E-02
6.971413E-02
6.520446E-02
5.775106E-02
4.861377E-02
3.891946E-02
2.870679E-02
1.581256E-02
1.713021E-04
-1.808622E-02
-3.971441E-02
-3.896030E-02
5.664440E-02
9.344382E-02
8.406205E-02
6.383971E-02
4.392949E-02
2.711100E-02
1.403026E-02
4.402570E-03
-1.951383E-03
-5.647583E-03
-7.843569E-03
-9.864566E-03
-1.156632E-02
-1.250261E-02
-1.299143E-02
-1.323092E-02
-1.392680E-02
-1.496373E-02
-1.600508E-02
-1.691524E-02
-1.758450E-02
-1.800959E-02
-1.818698E-02
-1.775585E-02
-1.551423E-02
-1.279752E-02
-1.010153E-02
-7.258243E-03
-4.383143E-03
-1.431145E-03
1.175985E-03
3.732560E-03
6.692533E-03
9.515609E-03
1.128691E-02
1.174361E-02
9.149085E-03
3.691642E-03
1.145059E-05
-1.886330E-03
-2.720250E-03
-3.140661E-03
-3.381088E-03
-3.520121E-03
-3.454934E-03
-2.761125E-03
-1.383447E-03
1.039044E-03
4.039486E-03
-2.997735E-03
-1.440034E-02
-1.743571E-02
-1.583136E-02
-1.275032E-02
-9.668857E-03
-7.067259E-03
-5.106597E-03
-3.828280E-03
-3.295195E-03
-3.377285E-03
-3.653897E-03
-3.939525E-03
-4.305529E-03
-4.313794E-03
-4.345653E-03
-4.303038E-03
-4.212829E-03
-4.295038E-03
-4.265364E-03
-3.994253E-03
-3.640597E-03
-3.047030E-03
-2.181009E-03
-1.246259E-03
-4.672837E-04
1.080956E-04
4.512765E-04
8.860594E-04
1.502756E-03
1.694080E-03
1.309733E-03
9.143617E-04
5.404061E-04
-1.455395E-04
-9.341092E-04
-1.247752E-03
-8.084933E-04
-2.933530E-04
-1.011351E-04
1.619700E-04
4.342760E-04
7.027472E-04
9.617317E-04
1.196564E-03
1.428794E-03
1.726347E-03
1.802849E-03
1.632753E-03
1.846675E-03
3.831645E-03
5.414186E-03
5.736314E-03
5.458838E-03
4.966897E-03
4.434110E-03
3.918996E-03
3.306544E-03
2.648244E-03
2.054030E-03
1.492968E-03
8.868126E-04
3.401319E-04
2.789630E-05
-3.529679E-04
-6.576437E-04
-7.529979E-04
-6.604550E-04
-5.114130E-04
-3.185922E-04
9.435337E-05
6.724594E-04
1.019043E-03
9.733616E-04
9.490122E-04
1.093603E-03
1.187815E-03
1.011702E-03
8.277048E-04
5.953095E-04
2.456021E-04
-3.976495E-05
-5.503272E-05
8.815845E-05
1.603127E-04
-6.269560E-05
-4.956616E-04
-9.509430E-04
-1.393971E-03
-1.777821E-03
-2.270492E-03
-2.465619E-03
-2.039723E-03
-1.526542E-03
-1.184816E-03
-6.163867E-04
8.700508E-05
7.090928E-04
1.185401E-03
1.522974E-03
1.538228E-03
1.311850E-03
9.987066E-04
8.460164E-04
8.278180E-04
6.725780E-04
4.177453E-04
2.481010E-04
1.573066E-04
6.406696E-05
-1.028048E-04
-3.227589E-04
-5.199966E-04
-5.844242E-04
-5.555606E-04
-5.216447E-04
-5.732970E-04
-5.714643E-04
-6.486964E-04
-7.892268E-04
-7.156448E-04
-4.628434E-04
-2.363706E-04
5.753574E-06
3.088153E-04
7.614333E-04
1.139077E-03
1.412261E-03
1.524245E-03
1.548413E-03
1.583487E-03
1.352987E-03
7.307646E-04
1.875481E-04
-8.068688E-05
-2.627708E-04
-5.008605E-04
-4.938019E-04
-1.886588E-04
-1.306816E-04
-2.565751E-04
-2.970824E-04
-2.975996E-04
-3.461414E-04
-4.513674E-04
-5.589626E-04
-4.419002E-04
-2.495161E-04
-9.143354E-05
1.477472E-04
3.699264E-04
6.959450E-04
9.715253E-04
8.900452E-04
6.523853E-04
4.989841E-04
2.138615E-04
-1.221317E-04
-2.971540E-04
-1.876947E-04
-4.457600E-05
-4.113714E-05
2.777865E-05
-2.573195E-05
-1.601511E-04
-1.624644E-04
3.560385E-05
4.523058E-04
6.241871E-04
5.607707E-04
5.301871E-04
6.380584E-04
7.971540E-04
8.399378E-04
5.784822E-04
2.135023E-04
-6.323056E-05
-2.063242E-04
-3.293140E-04
-2.180511E-04
5.474359E-05
1.446353E-04
1.869338E-04
3.100934E-04
3.676812E-04
1.927362E-04
-1.398718E-04
-3.917397E-04
-4.719915E-04
-2.849147E-04
-1.885424E-04
-2.159592E-04
-7.220169E-05
2.616148E-04
6.186889E-04
8.893635E-04
9.761576E-04
1.103210E-03
1.163178E-03
8.350204E-04
5.621130E-04
5.062853E-04
4.715903E-04
3.065948E-04
1.004120E-04
-1.717494E-04
-3.130108E-04
-4.835059E-04
-7.183823E-04
-7.749442E-04
-6.721568E-04
-5.177916E-04
-3.568882E-04
-2.261930E-04
1.394724E-04
6.032972E-04
8.007463E-04
8.510690E-04
8.562875E-04
8.036269E-04
5.805123E-04
4.421086E-04
4.065980E-04
2.690781E-04
3.134273E-04
4.257998E-04
4.611932E-04
3.752958E-04
6.452657E-05
-1.121388E-04
-1.863809E-04
-3.960178E-04
-6.767483E-04
-8.689381E-04
-8.738651E-04
-6.181180E-04
-1.983489E-04
3.404670E-04
7.648595E-04
9.457989E-04
1.094308E-03
1.107374E-03
1.044347E-03
8.972109E-04
6.484272E-04
5.056138E-04
4.683545E-04
4.500096E-04
4.107893E-04
2.391244E-04
9.569960E-05
4.830520E-05
-3.040665E-05
-1.996288E-04
-4.403295E-04
-7.083666E-04
-6.752772E-04
-4.147807E-04
-3.737102E-04
-5.116882E-04
-4.756353E-04
-1.576986E-04
-1.535350E-04
-1.709683E-04
-1.726738E-04
-1.353602E-04
-1.673062E-04
-2.552700E-04
-3.051336E-04
-3.449306E-04
-4.603882E-04
-6.151176E-04
-6.491593E-04
-5.793978E-04
-5.330586E-04
-5.716622E-04
-6.023107E-04
-5.455045E-04
-3.852634E-04
-2.384415E-04
-1.708022E-04
-1.079197E-04
-3.577112E-05
1.592783E-04
4.227712E-04
5.682969E-04
5.659250E-04
4.099676E-04
2.925863E-04
3.749867E-04
5.208856E-04
5.609615E-04
4.394694E-04
2.350002E-04
7.262829E-05
2.016489E-05
-4.618443E-05
-1.051483E-04
-1.188542E-04
-1.165545E-04
-1.894126E-04
-3.205643E-04
-3.426094E-04
-2.612119E-04
-2.320267E-04
-2.499395E-04
-2.652517E-04
-2.507088E-04
-1.650780E-04
-6.115659E-05
2.404734E-05
8.464404E-05
6.523243E-05
2.749550E-05
2.193733E-05
1.008311E-04
4.365322E-02
4.746106E-01
7.289167E-01
7.555693E-01
7.120425E-01
6.473499E-01
5.789922E-01
5.140682E-01
4.554798E-01
4.044736E-01
3.614371E-01
3.264794E-01
3.027626E-01
2.826934E-01
2.626424E-01
5.615948E-01
8.625921E-01
8.902322E-01
8.409239E-01
7.502705E-01
6.290675E-01
5.410427E-01
3.360223E-01
1.829663E-01
2.066553E-01
2.827447E-01
3.589434E-01
4.228406E-01
4.645945E-01
4.882138E-01
5.306677E-01
6.138676E-01
6.030525E-01
4.715994E-01
4.009294E-01
3.472657E-01
2.847395E-01
2.173763E-01
1.492713E-01
8.255695E-02
1.239111E-02
-7.065780E-02
-1.177793E-01
1.341750E-01
6.860860E-01
1.394441E+00
2.201575E+00
2.514264E+00
1.864468E+00
7.733418E-01
-1.686807E-01
-7.550198E-01
-1.087706E+00
-1.260926E+00
-1.337109E+00
-1.356368E+00
-1.341562E+00
-1.305268E+00
-1.243251E+00
-1.078818E+00
-8.598258E-01
-6.858060E-01
-5.565474E-01
-4.518749E-01
-3.609218E-01
-3.052103E-01
-6.753626E-01
-1.171290E+00
-1.388494E+00
-1.404978E+00
-1.318400E+00
-1.184759E+00
-1.034649E+00
-8.681743E-01
-6.846566E-01
-5.212327E-01
-3.887291E-01
-3.123303E-01
-2.904982E-01
-1.931680E-01
-7.354407E-02
1.540155E-02
6.947467E-02
1.141176E-01
1.767247E-01
3.663447E-01
8.850917E-01
8.136129E-01
-1.467177E-01
-4.789883E-01
-4.807722E-01
-3.472496E-01
-2.354844E-01
-3.764508E-01
-4.103535E-01
-2.080946E-01
1.954807E-02
1.945883E-01
3.159176E-01
3.968357E-01
4.494273E-01
4.825555E-01
5.025028E-01
5.134478E-01
5.178665E-01
5.281123E-01
5.644201E-01
5.583875E-01
4.809049E-01
3.362933E-01
1.036717E-01
-1.056731E-02
7.973099E-03
6.492528E-02
1.156626E-01
1.464698E-01
1.554918E-01
1.453471E-01
1.204369E-01
8.630815E-02
5.293253E-02
2.205482E-02
-1.188013E-02
-4.838827E-02
-7.896245E-02
-9.491683E-02
-1.149787E-01
-1.394723E-01
-1.508242E-01
-2.472278E-01
-2.436515E-01
-2.136869E-01
-1.994280E-01
-1.878578E-01
-1.738453E-01
-1.575959E-01
-1.407519E-01
-1.244670E-01
-1.286169E-01
-1.131526E-01
-2.820577E-02
4.646819E-02
8.628943E-02
1.016268E-01
1.048816E-01
1.036906E-01
1.017784E-01
1.007259E-01
1.010126E-01
1.026980E-01
1.056755E-01
1.097923E-01
1.163244E-01
1.108837E-01
8.025730E-02
7.257977E-02
9.502318E-02
1.185408E-01
1.337011E-01
1.409927E-01
1.422638E-01
1.390909E-01
1.323991E-01
1.228194E-01
1.110267E-01
9.769150E-02
8.357507E-02
6.962223E-02
5.452267E-02
3.779586E-02
2.051626E-02
1.507402E-03
-2.075787E-02
-4.070487E-02
-5.782614E-02
-7.227717E-02
-8.426355E-02
-9.420737E-02
-1.025029E-01
-1.093008E-01
-1.146205E-01
-1.183780E-01
-1.204456E-01
-1.206270E-01
-1.185793E-01
-1.118388E-01
-1.029512E-01
-9.844708E-02
-9.756376E-02
-9.736901E-02
-9.614388E-02
-9.329199E-02
-8.880095E-02
-8.291258E-02
-7.594625E-02
-6.816272E-02
-5.972438E-02
-5.084919E-02
-4.188754E-02
-3.379890E-02
-2.476041E-02
-1.263361E-02
-9.827542E-04
8.986147E-03
1.752794E-02
2.494816E-02
3.140364E-02
3.696405E-02
4.159040E-02
4.534472E-02
4.813984E-02
5.000982E-02
5.117220E-02
5.177993E-02
5.169993E-02
5.075110E-02
4.932880E-02
4.757422E-02
4.547319E-02
4.332835E-02
4.143068E-02
3.982478E-02
3.826377E-02
3.654313E-02
3.446297E-02
3.206709E-02
2.943277E-02
2.654233E-02
2.342750E-02
2.011343E-02
1.664313E-02
1.303097E-02
9.108649E-03
4.820598E-03
4.949009E-04
-3.578056E-03
-7.213081E-03
-1.035305E-02
-1.300161E-02
-1.513891E-02
-1.685870E-02
-1.822038E-02
-1.921072E-02
-1.983524E-02
-2.006097E-02
-1.991875E-02
-1.943674E-02
-1.868636E-02
-1.782070E-02
-1.693427E-02
-1.596263E-02
-1.485655E-02
-1.366680E-02
-1.248352E-02
-1.129786E-02
-1.002764E-02
-8.765156E-03
-7.512193E-03
-6.193458E-03
-4.895383E-03
-3.621740E-03
-2.381338E-03
-1.139533E-03
1.027847E-04
1.396527E-03
2.665268E-03
3.866383E-03
5.039396E-03
6.153754E-03
7.111382E-03
7.872716E-03
8.458099E-03
8.908422E-03
9.189875E-03
9.280970E-03
9.286918E-03
9.207859E-03
8.927647E-03
8.495979E-03
7.954960E-03
7.425259E-03
6.925837E-03
6.389138E-03
5.816931E-03
5.206830E-03
4.605464E-03
4.002043E-03
3.355250E-03
2.676415E-03
1.997987E-03
1.381184E-03
7.651444E-04
1.219685E-04
-5.008050E-04
-1.083169E-03
-1.663828E-03
-2.211380E-03
-2.646203E-03
-3.019800E-03
-3.390641E-03
-3.743859E-03
-4.044378E-03
-4.284407E-03
-4.454220E-03
-4.584154E-03
-4.630928E-03
-4.516053E-03
-4.369913E-03
-4.263581E-03
-4.131519E-03
-3.921200E-03
-3.646983E-03
-3.325929E-03
-3.011955E-03
-2.691668E-03
-2.444337E-03
-2.214039E-03
-1.891813E-03
-1.561928E-03
-1.258484E-03
-9.524629E-04
-6.522644E-04
-3.330692E-04
8.050464E-06
3.225530E-04
6.053409E-04
8.773048E-04
1.177176E-03
1.435124E-03
1.626613E-03
1.754708E-03
1.897388E-03
2.048215E-03
2.118199E-03
2.160746E-03
2.217852E-03
2.286967E-03
2.247244E-03
2.134077E-03
2.021663E-03
1.901100E-03
1.725756E-03
1.572678E-03
1.473716E-03
1.370022E-03
1.180840E-03
9.788907E-04
8.858724E-04
8.469561E-04
8.184102E-04
7.608437E-04
6.925507E-04
6.028570E-04
5.514617E-04
4.580056E-04
3.390594E-04
2.174966E-04
7.905880E-05
-1.713379E-05
-9.588375E-05
-1.846553E-04
-3.024401E-04
-4.414906E-04
-5.660844E-04
-6.169403E-04
-6.275080E-04
-6.683628E-04
-7.789947E-04
-8.575453E-04
-8.738593E-04
-8.918347E-04
-9.036563E-04
-9.136841E-04
-8.473827E-04
-7.719758E-04
-7.395407E-04
-6.886764E-04
-5.729350E-04
-4.698896E-04
-3.828146E-04
-2.581810E-04
-1.134908E-04
1.674823E-05
6.067717E-05
9.925458E-05
1.956649E-04
2.868556E-04
3.601026E-04
4.035704E-04
4.393094E-04
4.989208E-04
5.270867E-04
5.152352E-04
4.521941E-04
4.315783E-04
-1.042222E-04
-1.298382E-04
-1.551063E-04
-1.483516E-04
-1.236686E-04
-1.063599E-04
-1.183378E-04
-1.491067E-04
-1.489617E-04
-1.191039E-04
-8.046573E-05
-5.419305E-05
-5.671459E-05
-7.652216E-05
-9.031458E-05
-7.525987E-05
-3.723608E-05
-6.309046E-07
2.337838E-05
5.196557E-05
7.979422E-05
1.032923E-04
9.911159E-05
8.566779E-05
8.867434E-05
1.063778E-04
1.157441E-04
8.360191E-05
2.865467E-05
-1.476171E-05
-4.802598E-05
-6.289952E-05
-7.517789E-05
-9.955682E-05
-1.123198E-04
-1.051367E-04
-8.506161E-05
-5.140432E-05
-4.748746E-05
-4.395854E-05
-1.225973E-05
5.181165E-05
1.165101E-04
1.388617E-04
1.307862E-04
1.028297E-04
6.874385E-05
5.711215E-05
7.640499E-05
8.255192E-05
1.675486E-05
-7.376558E-05
-1.344599E-04
-1.633939E-04
-1.635354E-04
-1.383471E-04
-1.357435E-04
-1.396846E-04
-1.292699E-04
-9.529353E-05
-4.681953E-05
-2.048819E-05
1.544642E-05
7.458662E-05
1.125733E-04
1.291236E-04
1.382390E-04
1.567754E-04
1.652702E-04
1.717182E-04
1.697421E-04
1.469196E-04
9.822064E-05
5.014301E-05
2.252311E-05
-4.575067E-06
-5.807221E-05
-1.186909E-04
-1.536414E-04
-1.481773E-04
-1.279766E-04
-1.358102E-04
-1.740985E-04
-1.978366E-04
-1.910790E-04
-1.702126E-04
-1.400448E-04
-6.620446E-05
2.819828E-06
-6.915552E-06
-1.444601E-05
2.924808E-05
1.275150E-04
2.158435E-04
1.206287E-03
5.191976E-02
1.602034E-01
2.148727E-01
2.255180E-01
2.159960E-01
1.978641E-01
1.765328E-01
1.546632E-01
1.336404E-01
1.142086E-01
9.672512E-02
8.137695E-02
6.882730E-02
5.863552E-02
7.151769E-02
1.687029E-01
2.320253E-01
2.434968E-01
2.235187E-01
1.726069E-01
1.232113E-01
9.283857E-02
7.883277E-02
7.540485E-02
7.780597E-02
8.276576E-02
8.868992E-02
9.474190E-02
9.897040E-02
1.006668E-01
1.024819E-01
1.073653E-01
1.147046E-01
1.305489E-01
1.456847E-01
1.478250E-01
1.383363E-01
1.233023E-01
1.025043E-01
7.398970E-02
3.808943E-02
-3.002319E-03
-3.383895E-02
-4.785967E-02
-4.602503E-02
-2.741002E-02
-1.324049E-02
1.268059E-02
6.653373E-02
1.056431E-01
1.213271E-01
1.188765E-01
1.072492E-01
9.723248E-02
9.040608E-02
8.228421E-02
6.585217E-02
4.179226E-02
1.950761E-02
1.429033E-02
2.475034E-02
4.033828E-02
7.090395E-02
1.197825E-01
1.674675E-01
1.548066E-01
1.036981E-01
7.026675E-02
6.439295E-02
7.493146E-02
8.800651E-02
9.450643E-02
9.325354E-02
8.217683E-02
6.059575E-02
4.746226E-02
-7.229083E-03
-1.236218E-01
-2.217961E-01
-2.857377E-01
-3.172704E-01
-3.326060E-01
-3.460401E-01
-3.606915E-01
-3.933926E-01
-4.443252E-01
-4.814898E-01
-4.947844E-01
-4.927815E-01
-4.841060E-01
-4.495057E-01
-3.577247E-01
-2.291731E-01
-1.086196E-01
-1.664624E-02
4.418110E-02
8.070658E-02
1.037877E-01
1.135303E-01
1.068784E-01
8.209730E-02
4.954930E-02
2.768421E-02
1.811803E-02
1.669234E-02
3.377473E-02
8.071587E-02
1.280947E-01
1.321058E-01
1.052881E-01
7.327056E-02
3.477299E-02
-1.668434E-02
-8.001342E-02
-1.458179E-01
-2.038070E-01
-2.500155E-01
-2.121936E-01
-1.341192E-01
-7.276582E-02
-3.460968E-02
-1.097225E-02
5.281725E-03
1.961923E-02
3.548462E-02
4.552814E-02
4.014751E-02
1.153624E-02
-3.896993E-02
-9.089021E-02
-1.242466E-01
-1.256678E-01
-9.809206E-02
-4.463815E-02
4.653359E-02
1.524354E-01
2.233726E-01
2.466199E-01
2.370393E-01
2.065771E-01
1.572879E-01
9.576170E-02
3.405385E-02
-1.864572E-02
-6.422248E-02
-1.009182E-01
-1.185919E-01
-1.160580E-01
-9.803956E-02
-7.792693E-02
-8.060481E-02
-1.145593E-01
-1.500053E-01
-1.515713E-01
-1.101106E-01
-2.503881E-02
1.044048E-01
2.184073E-01
2.350455E-01
1.975552E-01
1.507927E-01
1.101691E-01
6.182821E-02
-3.414752E-03
-6.399989E-02
-1.004945E-01
-1.103045E-01
-1.003766E-01
-7.978431E-02
-5.630781E-02
-3.564504E-02
-1.973384E-02
-4.096148E-03
1.901933E-02
5.367552E-02
9.530530E-02
1.372736E-01
1.735273E-01
1.963561E-01
1.890376E-01
1.488748E-01
9.586125E-02
4.768893E-02
1.131174E-02
-1.297276E-02
-2.763078E-02
-3.764510E-02
-4.619277E-02
-5.200518E-02
-5.349528E-02
-5.113808E-02
-4.745629E-02
-4.925746E-02
-5.411742E-02
-4.124547E-02
1.046078E-03
4.028999E-02
1.330468E-02
-4.415858E-02
-6.363071E-02
-5.569859E-02
-4.075449E-02
-2.814985E-02
-2.020197E-02
-1.461852E-02
-6.197130E-03
-3.443046E-04
-9.887834E-03
-2.678648E-02
-3.474265E-02
-3.063382E-02
-1.951900E-02
-6.573078E-03
5.250892E-03
1.548952E-02
2.513743E-02
3.352310E-02
3.939405E-02
4.257790E-02
4.623123E-02
5.437220E-02
6.548215E-02
7.347680E-02
7.139973E-02
6.011664E-02
4.856436E-02
4.211185E-02
4.065566E-02
4.208976E-02
4.427979E-02
4.567743E-02
4.544445E-02
4.292928E-02
3.775139E-02
3.027632E-02
2.226027E-02
1.767165E-02
5.811099E-03
-9.455499E-03
-1.460211E-02
-2.539204E-02
-4.299332E-02
-6.194072E-02
-7.943812E-02
-9.478841E-02
-1.078956E-01
-1.187256E-01
-1.272485E-01
-1.333623E-01
-1.369285E-01
-1.377261E-01
-1.361537E-01
-1.347727E-01
-1.318327E-01
-1.236571E-01
-1.111234E-01
-9.700248E-02
-8.303605E-02
-6.975416E-02
-5.725781E-02
-4.535745E-02
-3.362537E-02
-2.174213E-02
-9.598673E-03
2.720834E-03
1.538221E-02
2.848477E-02
4.039108E-02
4.970410E-02
5.814510E-02
6.754717E-02
7.769617E-02
8.764245E-02
9.666559E-02
1.042983E-01
1.102912E-01
1.145751E-01
1.171464E-01
1.180857E-01
1.171610E-01
1.150054E-01
1.115887E-01
1.069533E-01
1.009715E-01
9.368588E-02
8.513520E-02
7.558810E-02
6.542502E-02
5.496860E-02
4.443153E-02
3.393765E-02
2.356709E-02
1.333731E-02
3.278252E-03
-6.574635E-03
-1.611520E-02
-2.519616E-02
-3.377161E-02
-4.172536E-02
-4.857041E-02
-5.426251E-02
-5.921629E-02
-6.369159E-02
-6.764433E-02
-7.086889E-02
-7.321764E-02
-7.461176E-02
-7.502065E-02
-7.445713E-02
-7.295375E-02
-7.057960E-02
-6.737293E-02
-6.344695E-02
-5.906438E-02
-5.408578E-02
-4.832797E-02
-4.198233E-02
-3.531627E-02
-2.851381E-02
-2.173467E-02
-1.507531E-02
-8.576242E-03
-2.277719E-03
3.746967E-03
9.401881E-03
1.466882E-02
1.953278E-02
2.395210E-02
2.786038E-02
3.122450E-02
3.405046E-02
3.632289E-02
3.808395E-02
3.937134E-02
4.022143E-02
4.064526E-02
4.061547E-02
4.013033E-02
3.921412E-02
3.789237E-02
3.616928E-02
3.406937E-02
3.163525E-02
2.892230E-02
2.595752E-02
2.280052E-02
1.949272E-02
1.603068E-02
1.245190E-02
8.819792E-03
5.245049E-03
1.781018E-03
-1.543459E-03
-4.673047E-03
-7.599417E-03
3.234343E-03
2.399210E-03
5.452906E-04
-1.884803E-03
-3.512741E-03
-4.972475E-03
-5.900845E-03
-6.065008E-03
-6.299808E-03
-6.611478E-03
-6.655803E-03
-8.227194E-03
-8.317372E-03
-8.860090E-03
-1.344186E-02
-1.505591E-02
-1.316581E-02
-8.763804E-03
-3.262276E-03
1.836473E-03
6.141740E-03
1.965127E-02
2.506135E-01
1.692531E-01
-2.439522E-02
-2.127324E-01
-3.830703E-01
-5.357477E-01
-8.564597E-01
-1.220576E+00
-1.119378E+00
-9.790273E-01
-8.641469E-01
-7.775242E-01
-6.627285E-01
-2.009185E-01
-3.668783E-01
-6.455027E-01
-9.083345E-01
-1.136828E+00
-1.329274E+00
1.595610E+00
1.153132E+01
9.467680E+00
6.607464E+00
4.235985E+00
2.411237E+00
1.065641E+00
1.069542E-01
-5.520272E-01
-9.820491E-01
-1.239624E+00
-1.366671E+00
-1.402584E+00
-1.377998E+00
-1.306783E+00
-1.207028E+00
-1.091225E+00
-9.600579E-01
-8.186153E-01
-7.030258E-01
-6.026207E-01
-5.134519E-01
-4.353710E-01
-3.688825E-01
-3.164217E-01
-2.730621E-01
-2.379905E-01
-2.123167E-01
-1.961176E-01
-1.902398E-01
-2.123197E-01
-2.315871E-01
-2.206305E-01
-2.076740E-01
-2.067538E-01
-2.191385E-01
-2.759474E-01
-3.900969E-01
-3.787619E-01
-3.244859E-01
-2.664350E-01
-2.127339E-01
-1.660921E-01
-1.438227E-01
-1.084920E-01
-5.561218E-02
5.927224E-03
7.371763E-02
1.485947E-01
-1.176493E-01
-6.609570E-01
-6.562555E-01
-5.294582E-01
-3.950443E-01
-2.752599E-01
-1.750154E-01
-9.424619E-02
-2.923005E-02
2.198502E-02
6.145420E-02
9.284551E-02
1.181985E-01
1.356276E-01
1.477684E-01
1.564775E-01
1.620404E-01
1.642355E-01
1.619178E-01
1.572336E-01
1.524916E-01
1.463571E-01
1.384569E-01
1.278776E-01
1.105469E-01
8.856234E-02
7.288186E-02
6.149686E-02
5.119098E-02
4.117110E-02
3.252415E-02
2.647042E-02
1.879321E-02
1.117320E-02
5.313364E-03
2.967745E-03
6.925022E-03
3.133250E-02
5.012532E-02
5.341619E-02
5.069875E-02
4.540780E-02
3.808430E-02
3.041918E-02
2.317714E-02
1.431294E-02
3.967579E-03
-7.637883E-03
-2.062514E-02
-1.798478E-02
4.855070E-02
7.240123E-02
6.393427E-02
4.764186E-02
3.191189E-02
1.871595E-02
8.128323E-03
6.903490E-04
-3.817081E-03
-6.108670E-03
-7.309424E-03
-8.669030E-03
-1.019003E-02
-1.124588E-02
-1.167473E-02
-1.203097E-02
-1.226726E-02
-1.297275E-02
-1.384405E-02
-1.409821E-02
-1.370215E-02
-1.365059E-02
-1.387811E-02
-1.379253E-02
-1.217990E-02
-9.989519E-03
-7.781313E-03
-5.602373E-03
-3.351247E-03
-1.149815E-03
6.453874E-04
2.163074E-03
3.885520E-03
6.000663E-03
7.906114E-03
8.609430E-03
7.083462E-03
2.404606E-03
-7.872375E-04
-2.492025E-03
-3.089248E-03
-2.888251E-03
-2.784896E-03
-2.745663E-03
-2.651072E-03
-2.087680E-03
-1.240229E-03
3.120483E-04
2.358251E-03
-3.133387E-03
-1.139610E-02
-1.317657E-02
-1.143968E-02
-8.748536E-03
-6.075145E-03
-4.110918E-03
-2.823885E-03
-2.023907E-03
-1.791118E-03
-1.824057E-03
-2.319809E-03
-2.906841E-03
-3.385197E-03
-3.685367E-03
-3.799613E-03
-4.155221E-03
-4.108896E-03
-4.284719E-03
-4.415404E-03
-4.124025E-03
-3.737750E-03
-3.171698E-03
-2.282292E-03
-1.421637E-03
-4.435270E-04
2.250748E-04
1.027300E-03
1.632265E-03
2.244965E-03
2.613360E-03
2.228391E-03
1.568291E-03
1.102436E-03
4.746618E-04
-3.889853E-04
-8.882264E-04
-9.901597E-04
-8.741862E-04
-1.027880E-03
-1.384767E-03
-1.381878E-03
-1.081017E-03
-8.426195E-04
-4.903396E-04
1.309849E-04
9.409627E-04
1.622271E-03
2.261488E-03
2.735246E-03
4.134415E-03
5.212162E-03
5.532709E-03
5.141264E-03
4.523809E-03
3.995070E-03
3.302932E-03
2.524668E-03
1.554114E-03
7.489595E-04
3.230066E-04
-1.985495E-04
-7.412308E-04
-7.811894E-04
-7.402196E-04
-7.965751E-04
-7.676461E-04
-7.761059E-04
-5.417180E-04
-3.542412E-04
-4.274502E-05
3.788267E-04
7.967177E-04
1.159838E-03
1.170242E-03
1.302791E-03
1.700707E-03
1.555864E-03
1.527393E-03
1.400019E-03
9.555547E-04
4.619428E-04
2.835755E-04
-9.823086E-06
-1.390085E-04
-3.991930E-04
-9.565184E-04
-1.508106E-03
-2.096967E-03
-2.673944E-03
-2.911929E-03
-2.936969E-03
-2.642881E-03
-2.157574E-03
-1.484210E-03
-6.760723E-04
1.409021E-04
1.108291E-03
1.703995E-03
2.024085E-03
2.101047E-03
1.906381E-03
1.674105E-03
1.673699E-03
1.629342E-03
1.351309E-03
1.034494E-03
5.952005E-04
2.268130E-04
-2.705727E-04
-8.436186E-04
-1.233174E-03
-1.563866E-03
-1.806300E-03
-1.686016E-03
-1.338485E-03
-9.605224E-04
-8.418125E-04
-5.055642E-04
-4.549665E-04
-4.405219E-04
-1.034656E-04
2.840022E-04
4.352900E-04
5.817911E-04
8.639005E-04
1.110253E-03
1.299934E-03
1.408347E-03
1.445370E-03
1.455480E-03
1.371735E-03
8.523168E-04
5.079214E-04
2.628536E-04
-4.506971E-05
-3.432037E-04
-5.283390E-04
-5.720814E-04
-4.441543E-04
-5.086684E-04
-7.300613E-04
-8.170427E-04
-8.419702E-04
-7.956762E-04
-7.168531E-04
-4.970919E-04
-5.068806E-05
3.035171E-04
7.781210E-04
1.084059E-03
1.243578E-03
1.436630E-03
1.276314E-03
8.004024E-04
3.089300E-04
-1.682127E-04
-5.637833E-04
-7.316139E-04
-7.559231E-04
-4.687265E-04
-3.084533E-04
-2.450731E-04
-2.348606E-04
-4.061552E-04
-2.683113E-04
-7.723384E-05
2.542833E-04
7.212551E-04
8.247317E-04
8.910145E-04
1.262321E-03
1.412601E-03
1.492426E-03
1.385995E-03
8.652885E-04
3.337496E-04
-9.687856E-05
-4.246884E-04
-5.016268E-04
-5.974279E-04
-5.891362E-04
-5.499332E-04
-5.027843E-04
-4.508534E-04
-5.625430E-04
-5.834310E-04
-5.284086E-04
-5.566375E-04
-1.876385E-04
2.719040E-04
4.702553E-04
8.222287E-04
1.067705E-03
1.155556E-03
1.278141E-03
1.202473E-03
9.259959E-04
9.258909E-04
7.266492E-04
4.598915E-04
4.331452E-04
4.541376E-04
4.792776E-04
2.655693E-04
-1.321438E-05
-2.709674E-04
-6.174884E-04
-7.191200E-04
-1.046522E-03
-1.011891E-03
-8.671514E-04
-7.267355E-04
-5.934986E-04
-2.246757E-04
2.155620E-04
7.845375E-04
1.302468E-03
1.351032E-03
1.397499E-03
1.298241E-03
1.143661E-03
1.040067E-03
7.064006E-04
4.278088E-04
3.741585E-04
2.549194E-04
4.438736E-05
-2.646153E-04
-3.638460E-04
-4.270283E-04
-6.913048E-04
-1.074463E-03
-1.179795E-03
-1.023668E-03
-7.167502E-04
-2.216496E-04
2.608675E-04
9.796767E-04
1.248988E-03
1.293561E-03
1.523518E-03
1.447036E-03
1.453585E-03
1.203605E-03
9.594425E-04
9.402671E-04
7.501247E-04
7.485816E-04
3.832310E-04
7.809978E-06
-2.083551E-04
-5.240873E-04
-8.861425E-04
-1.185325E-03
-1.447594E-03
-1.326780E-03
-7.585749E-04
-5.296614E-04
-2.049030E-04
1.623626E-04
-2.863027E-04
-1.497903E-04
-1.868309E-06
-5.513928E-06
4.960791E-05
1.280785E-04
6.402035E-06
-1.707313E-04
-3.529326E-04
-5.424438E-04
-7.689797E-04
-9.933614E-04
-1.049860E-03
-1.011972E-03
-9.356797E-04
-7.527594E-04
-6.809003E-04
-5.679346E-04
-2.802024E-04
-5.044451E-06
6.869817E-05
1.338037E-04
1.488176E-04
3.631448E-04
6.865518E-04
9.768149E-04
8.745557E-04
7.979002E-04
7.483302E-04
5.683899E-04
3.809273E-04
2.763463E-04
7.844431E-05
-2.357458E-04
-3.792077E-04
-3.094853E-04
-1.820411E-04
-9.192567E-05
-6.441322E-05
2.276432E-05
-7.854953E-05
-2.247873E-04
-2.065949E-04
-2.262999E-04
-2.670320E-04
-2.252088E-04
-2.720450E-04
-2.516347E-04
-5.452199E-05
5.147959E-05
1.228307E-04
1.642443E-04
1.849991E-04
1.202968E-04
-1.232620E-04
4.545064E-02
5.148245E-01
8.021253E-01
8.414267E-01
8.033105E-01
7.411314E-01
6.734594E-01
6.085660E-01
5.496559E-01
4.979088E-01
4.537889E-01
4.177610E-01
3.935692E-01
3.733364E-01
3.524020E-01
6.758566E-01
1.012209E+00
1.051747E+00
1.006424E+00
9.152325E-01
7.885429E-01
6.966000E-01
4.775781E-01
3.092660E-01
3.334691E-01
4.161017E-01
4.998888E-01
5.712130E-01
6.188631E-01
6.466295E-01
6.946295E-01
7.879337E-01
7.812439E-01
6.410836E-01
5.650347E-01
5.073844E-01
4.395313E-01
3.656498E-01
2.902488E-01
2.157972E-01
1.372772E-01
4.428255E-02
-1.290299E-02
2.525622E-01
8.502736E-01
1.625603E+00
2.106234E+00
1.055316E+00
2.611053E-01
-6.236263E-01
-1.323760E+00
-1.677319E+00
-1.805615E+00
-1.808175E+00
-1.746494E+00
-1.656868E+00
-1.557906E+00
-1.457776E+00
-1.347725E+00
-1.140253E+00
-8.812736E-01
-6.771667E-01
-5.271228E-01
-4.079991E-01
-3.070119E-01
-2.447400E-01
-6.448696E-01
-1.194824E+00
-1.446713E+00
-1.480700E+00
-1.401476E+00
-1.269407E+00
-1.117820E+00
-9.466320E-01
-7.542085E-01
-5.809712E-01
-4.391162E-01
-3.561046E-01
-3.327769E-01
-2.266957E-01
-9.420341E-02
6.546423E-03
7.018484E-02
1.240591E-01
1.975029E-01
4.060719E-01
9.762254E-01
8.357058E-01
-5.799393E-01
-1.018960E+00
-8.871086E-01
-5.503002E-01
-2.327078E-01
-2.112595E-01
-1.095570E-01
2.184971E-01
5.460038E-01
7.895109E-01
9.504329E-01
1.046457E+00
1.094456E+00
1.107148E+00
1.094414E+00
1.063937E+00
1.020909E+00
9.806931E-01
9.678364E-01
9.102457E-01
7.761430E-01
5.710682E-01
2.710997E-01
1.003341E-01
7.888482E-02
1.051331E-01
1.303134E-01
1.389261E-01
1.284578E-01
1.013555E-01
6.203263E-02
1.585527E-02
-2.691285E-02
-6.442386E-02
-1.033610E-01
-1.435578E-01
-1.762958E-01
-1.920447E-01
-2.112642E-01
-2.346247E-01
-2.441564E-01
-3.442204E-01
-3.064363E-01
-2.211605E-01
-1.715883E-01
-1.537898E-01
-1.578378E-01
-1.752026E-01
-1.989801E-01
-2.237183E-01
-2.659670E-01
-2.807931E-01
-2.108829E-01
-1.424965E-01
-1.036926E-01
-8.466462E-02
-7.354666E-02
-6.356585E-02
-5.178575E-02
-3.755396E-02
-2.122925E-02
-3.368653E-03
1.548740E-02
3.495609E-02
5.609947E-02
6.345208E-02
4.203035E-02
4.355026E-02
7.706293E-02
1.111456E-01
1.352700E-01
1.498091E-01
1.568684E-01
1.581295E-01
1.547848E-01
1.475626E-01
1.373317E-01
1.248018E-01
1.109433E-01
9.689692E-02
8.114732E-02
6.370910E-02
4.533790E-02
2.449331E-02
-9.185168E-04
-2.568416E-02
-4.830210E-02
-6.734538E-02
-8.209689E-02
-9.292082E-02
-1.003283E-01
-1.050517E-01
-1.076175E-01
-1.082531E-01
-1.071491E-01
-1.046123E-01
-1.003218E-01
-9.160440E-02
-8.103606E-02
-7.568195E-02
-7.492811E-02
-7.554628E-02
-7.557354E-02
-7.421675E-02
-7.141758E-02
-6.723620E-02
-6.183760E-02
-5.555990E-02
-4.851532E-02
-4.089860E-02
-3.308041E-02
-2.609348E-02
-1.792617E-02
-6.172419E-03
5.176010E-03
1.469590E-02
2.277626E-02
2.981195E-02
3.591240E-02
4.121795E-02
4.560764E-02
4.918958E-02
5.191103E-02
5.373325E-02
5.488823E-02
5.543709E-02
5.517530E-02
5.390122E-02
5.207781E-02
5.024120E-02
4.832040E-02
4.641724E-02
4.458960E-02
4.294001E-02
4.127792E-02
3.925978E-02
3.697206E-02
3.420540E-02
3.107963E-02
2.768213E-02
2.393375E-02
2.007187E-02
1.612389E-02
1.206414E-02
7.682298E-03
2.823123E-03
-2.075480E-03
-6.665504E-03
-1.084762E-02
-1.432697E-02
-1.728186E-02
-1.973437E-02
-2.158878E-02
-2.303052E-02
-2.407300E-02
-2.461113E-02
-2.465355E-02
-2.429654E-02
-2.362716E-02
-2.273252E-02
-2.173720E-02
-2.070914E-02
-1.955109E-02
-1.834677E-02
-1.701743E-02
-1.555084E-02
-1.417910E-02
-1.281690E-02
-1.138717E-02
-1.001929E-02
-8.689568E-03
-7.278759E-03
-5.880564E-03
-4.319011E-03
-2.704598E-03
-1.305527E-03
1.004087E-04
1.511461E-03
2.857451E-03
4.229746E-03
5.503086E-03
6.672430E-03
7.656116E-03
8.389164E-03
8.985908E-03
9.493920E-03
9.826546E-03
9.957663E-03
9.969334E-03
9.825668E-03
9.449738E-03
8.872796E-03
8.346500E-03
7.805138E-03
7.223250E-03
6.624915E-03
6.037421E-03
5.390069E-03
4.851578E-03
4.265787E-03
3.719396E-03
3.080392E-03
2.368802E-03
1.651015E-03
9.245657E-04
2.189311E-04
-4.938737E-04
-1.114004E-03
-1.612981E-03
-2.122463E-03
-2.533051E-03
-2.835393E-03
-3.210225E-03
-3.519786E-03
-3.782921E-03
-4.061758E-03
-4.199979E-03
-4.319268E-03
-4.476621E-03
-4.503572E-03
-4.529038E-03
-4.521172E-03
-4.363060E-03
-4.122884E-03
-3.728437E-03
-3.294317E-03
-2.920931E-03
-2.559015E-03
-2.217324E-03
-1.839279E-03
-1.439558E-03
-1.106938E-03
-7.360115E-04
-3.962483E-04
-1.459589E-04
1.356686E-04
4.249503E-04
6.118255E-04
8.198081E-04
1.027184E-03
1.267094E-03
1.466085E-03
1.648503E-03
1.859501E-03
2.062588E-03
2.149408E-03
2.116218E-03
2.133426E-03
2.153939E-03
2.113512E-03
2.024077E-03
1.957093E-03
1.861595E-03
1.809527E-03
1.718285E-03
1.663411E-03
1.666513E-03
1.562813E-03
1.272663E-03
1.124706E-03
9.918093E-04
7.749776E-04
6.285480E-04
5.301387E-04
4.385669E-04
3.702539E-04
3.523766E-04
2.911064E-04
2.417485E-04
9.058970E-05
-4.308476E-05
-1.983632E-04
-3.576065E-04
-4.867095E-04
-6.229614E-04
-7.166483E-04
-7.231622E-04
-7.371599E-04
-7.193417E-04
-7.447364E-04
-8.407572E-04
-8.702173E-04
-8.830171E-04
-8.864102E-04
-8.595522E-04
-8.517463E-04
-7.807659E-04
-7.080689E-04
-7.253155E-04
-7.396858E-04
-7.479107E-04
-7.479256E-04
-6.914320E-04
-5.572022E-04
-4.163989E-04
-2.028099E-04
-2.902771E-05
1.742702E-04
3.648559E-04
5.786132E-04
7.789885E-04
7.469845E-04
7.336825E-04
6.992414E-04
5.894639E-04
4.700152E-04
3.827369E-04
-1.055986E-05
-4.993706E-05
-8.087458E-05
-9.068751E-05
-9.521294E-05
-1.291182E-04
-1.234132E-04
-1.369111E-04
-1.435539E-04
-1.359239E-04
-1.233989E-04
-8.828921E-05
-5.815851E-05
-9.774259E-05
-1.477722E-04
-1.768462E-04
-1.443742E-04
-1.048728E-04
-6.767279E-05
-1.826564E-05
6.182563E-05
1.357591E-04
2.019023E-04
2.336081E-04
2.355108E-04
2.077770E-04
2.007889E-04
1.625195E-04
1.045953E-04
4.183561E-05
-1.596874E-05
-6.541978E-05
-1.178554E-04
-1.946708E-04
-2.365934E-04
-2.435232E-04
-2.490931E-04
-2.009244E-04
-1.054273E-04
-4.351535E-05
1.354299E-05
9.143670E-05
2.185370E-04
2.882141E-04
2.936525E-04
2.513839E-04
1.984930E-04
1.116967E-04
2.133941E-05
7.951930E-06
-3.256266E-05
-1.394116E-04
-2.227097E-04
-2.692510E-04
-2.670389E-04
-2.028571E-04
-1.366996E-04
-1.359617E-04
-1.345211E-04
-1.025018E-04
-3.528251E-05
9.414754E-06
2.776615E-05
7.717455E-05
1.554045E-04
2.036385E-04
2.376918E-04
2.418628E-04
2.336832E-04
2.204042E-04
2.121534E-04
1.631228E-04
1.020378E-04
9.287241E-06
-5.821442E-05
-8.923059E-05
-1.211440E-04
-1.610649E-04
-1.769292E-04
-2.234211E-04
-2.036058E-04
-1.336455E-04
-9.872949E-05
-1.219587E-04
-1.571608E-04
-1.424008E-04
-1.408062E-04
-1.486226E-04
-7.134742E-05
2.437261E-06
-2.656323E-05
-3.345162E-05
9.169781E-05
2.751849E-04
1.370950E-03
5.626151E-02
1.746538E-01
2.355301E-01
2.486839E-01
2.398523E-01
2.214780E-01
1.994082E-01
1.766058E-01
1.546054E-01
1.341369E-01
1.155839E-01
9.925372E-02
8.595132E-02
7.512993E-02
8.908061E-02
1.951018E-01
2.653152E-01
2.793020E-01
2.590828E-01
2.049492E-01
1.519595E-01
1.192876E-01
1.041895E-01
1.005442E-01
1.032624E-01
1.088193E-01
1.154584E-01
1.221755E-01
1.269442E-01
1.290768E-01
1.313570E-01
1.367940E-01
1.449767E-01
1.625801E-01
1.794068E-01
1.822865E-01
1.726030E-01
1.568427E-01
1.346685E-01
1.039012E-01
6.490431E-02
2.003991E-02
-1.398215E-02
-2.993310E-02
-2.877722E-02
-9.279652E-03
5.652069E-03
3.331608E-02
9.173884E-02
1.345897E-01
1.522076E-01
1.501211E-01
1.378754E-01
1.271719E-01
1.198741E-01
1.111845E-01
9.344815E-02
6.722200E-02
4.272853E-02
3.660777E-02
4.757070E-02
6.419891E-02
9.716086E-02
1.502112E-01
2.024577E-01
1.893989E-01
1.340375E-01
9.741945E-02
9.074298E-02
1.020597E-01
1.161917E-01
1.231455E-01
1.219051E-01
1.099900E-01
8.592875E-02
-6.409588E-02
-4.664557E-01
-6.776010E-01
-7.351246E-01
-7.227085E-01
-6.740910E-01
-6.166451E-01
-5.685640E-01
-5.329847E-01
-5.270729E-01
-5.499704E-01
-5.655689E-01
-5.614476E-01
-5.455366E-01
-5.262706E-01
-4.821174E-01
-3.780704E-01
-2.352239E-01
-1.017707E-01
-2.179071E-05
6.731243E-02
1.076487E-01
1.328862E-01
1.433632E-01
1.358039E-01
1.082466E-01
7.185108E-02
4.677312E-02
3.496240E-02
3.199745E-02
4.913867E-02
9.900256E-02
1.499730E-01
1.541877E-01
1.246898E-01
8.937470E-02
4.704046E-02
-9.443563E-03
-7.920404E-02
-1.519843E-01
-2.243361E-01
-4.273257E-01
-5.907421E-01
-5.773878E-01
-4.961248E-01
-3.997551E-01
-3.020862E-01
-2.075651E-01
-1.171073E-01
-3.078264E-02
4.149587E-02
8.842212E-02
1.013808E-01
8.202788E-02
5.313006E-02
3.727271E-02
5.009260E-02
8.945707E-02
1.528347E-01
2.540525E-01
3.692523E-01
4.448404E-01
4.671123E-01
4.523696E-01
4.138598E-01
3.539990E-01
2.801248E-01
2.055088E-01
1.403666E-01
8.280301E-02
3.479026E-02
7.534301E-03
2.490772E-03
1.461861E-02
2.967822E-02
2.054395E-02
-2.228714E-02
-6.678053E-02
-7.440024E-02
-3.491088E-02
5.275457E-02
1.746414E-01
2.142553E-01
1.716599E-01
1.477729E-01
1.623176E-01
2.015488E-01
2.309383E-01
2.293174E-01
2.147943E-01
2.070891E-01
2.100376E-01
2.182846E-01
2.246445E-01
2.235260E-01
2.114413E-01
1.886828E-01
1.622236E-01
1.422670E-01
1.347614E-01
1.359868E-01
1.396767E-01
1.399106E-01
1.287571E-01
8.829588E-02
1.548210E-02
-6.798156E-02
-1.427978E-01
-2.013745E-01
-2.432523E-01
-2.710593E-01
-2.902453E-01
-3.044297E-01
-3.123584E-01
-3.124693E-01
-3.055152E-01
-2.943564E-01
-2.866513E-01
-2.801745E-01
-2.527008E-01
-1.916466E-01
-1.326082E-01
-1.510808E-01
-2.091472E-01
-1.988188E-01
-1.341866E-01
-6.241843E-02
-1.086519E-02
1.214205E-02
1.090309E-02
-3.270827E-03
-2.935252E-02
-7.493494E-02
-1.261755E-01
-1.614804E-01
-1.749787E-01
-1.710243E-01
-1.553077E-01
-1.318667E-01
-1.025720E-01
-6.804554E-02
-3.086125E-02
5.799190E-03
4.011855E-02
7.404665E-02
1.107531E-01
1.477228E-01
1.777347E-01
1.927982E-01
1.936055E-01
1.898742E-01
1.877479E-01
1.875085E-01
1.873884E-01
1.856665E-01
1.811389E-01
1.732881E-01
1.619029E-01
1.469523E-01
1.291821E-01
1.108244E-01
9.647090E-02
7.463472E-02
4.902506E-02
3.678247E-02
2.195003E-02
-3.611145E-03
-3.774180E-02
-7.448360E-02
-1.075779E-01
-1.324330E-01
-1.470448E-01
-1.518397E-01
-1.487343E-01
-1.401883E-01
-1.285058E-01
-1.160881E-01
-1.069663E-01
-9.977108E-02
-9.052650E-02
-7.973602E-02
-6.972597E-02
-6.166305E-02
-5.538678E-02
-5.036513E-02
-4.586516E-02
-4.100677E-02
-3.516114E-02
-2.805862E-02
-1.971094E-02
-9.954872E-03
1.279153E-03
1.208234E-02
2.090446E-02
2.944014E-02
3.959808E-02
5.114763E-02
6.299980E-02
7.420188E-02
8.419606E-02
9.259689E-02
9.924092E-02
1.040960E-01
1.072781E-01
1.084107E-01
1.081405E-01
1.061147E-01
1.023953E-01
9.752838E-02
9.206293E-02
8.577041E-02
7.820389E-02
6.919664E-02
5.881756E-02
4.739505E-02
3.523545E-02
2.274573E-02
1.025933E-02
-1.975234E-03
-1.375214E-02
-2.483283E-02
-3.501170E-02
-4.425623E-02
-5.245962E-02
-5.917866E-02
-6.446240E-02
-6.882034E-02
-7.257573E-02
-7.577969E-02
-7.826446E-02
-7.984998E-02
-8.049866E-02
-8.020141E-02
-7.897009E-02
-7.685603E-02
-7.392011E-02
-7.017940E-02
-6.576033E-02
-6.092226E-02
-5.548154E-02
-4.923055E-02
-4.236901E-02
-3.518835E-02
-2.790438E-02
-2.065253E-02
-1.353134E-02
-6.564745E-03
1.673667E-04
6.579616E-03
1.258406E-02
1.805866E-02
2.306263E-02
2.764115E-02
3.171109E-02
3.520742E-02
3.820383E-02
4.066572E-02
4.265489E-02
4.416973E-02
4.521949E-02
4.580731E-02
4.590641E-02
4.547970E-02
4.456350E-02
4.320449E-02
4.141467E-02
3.925245E-02
3.669349E-02
3.376237E-02
3.054528E-02
2.706758E-02
2.334700E-02
1.944126E-02
1.543756E-02
1.139745E-02
7.387348E-03
3.507063E-03
-2.360494E-04
-3.799886E-03
-7.128134E-03
